"DATA_YEAR","ARRESTEE_ID","WEAPON_ID","NIBRS_ARRESTEE_WEAPON_ID"
2018,31553822,1,31580044
2018,31563826,1,31575143
2018,31558901,1,31575180
2018,31554003,1,31575244
2018,31554009,1,31580218
2018,31554065,1,31575296
2018,31563956,1,31585211
2018,31563964,1,31580294
2018,31563991,1,31585251
2018,31559113,1,31575372
2018,31587314,1,31613522
2018,31587315,1,31613523
2018,31582375,1,31613567
2018,31582378,1,31609435
2018,31587362,1,31613572
2018,31587369,1,31609440
2018,31573461,1,31609442
2018,31587376,1,31613583
2018,31587380,1,31613589
2018,31587396,1,31609456
2018,31587400,1,31613608
2018,31582411,1,31603610
2018,31587421,1,31609469
2018,31587427,1,31613633
2018,31587429,1,31613635
2018,31582421,1,31603620
2018,31573508,1,31609491
2018,31587537,1,31603669
2018,31573538,1,31609516
2018,31573537,1,31613744
2018,31587541,1,31613747
2018,31587570,1,31613772
2018,31573561,1,31613783
2018,31587587,1,31613788
2018,31587593,1,31613799
2018,30795887,1,30798186
2018,30788617,1,30798213
2018,30788632,1,30794887
2018,31586692,1,31603196
2018,31582077,1,31613014
2018,31582098,1,31603318
2018,31586871,1,31613063
2018,31573199,1,31609178
2018,31586926,1,31613125
2018,31586952,1,31613151
2018,31582141,1,31603354
2018,31573218,1,31613166
2018,31582195,1,31603401
2018,31587064,1,31613269
2018,31582349,1,31603557
2018,31587345,1,31613552
2018,31587368,1,31613576
2018,31573465,3,31609446
2018,31573466,3,31609447
2018,31573471,7,31609454
2018,31582400,7,31609457
2018,31587412,1,31603611
2018,31587416,1,31613623
2018,31587539,1,31613745
2018,31587588,1,31613791
2018,31558852,1,31585059
2018,31553916,1,31585083
2018,31553928,1,31580144
2018,31559006,1,31585181
2018,31554058,1,31585199
2018,31559090,1,31580327
2018,31559210,1,31575461
2018,31554207,1,31575462
2018,31586691,1,31612887
2018,31586701,1,31612896
2018,31586703,1,31612898
2018,31586775,1,31612961
2018,31586776,1,31612963
2018,31586777,1,31612964
2018,31586808,1,31603271
2018,31586817,1,31613005
2018,31587027,3,31613230
2018,31573179,1,31613041
2018,31573180,1,31609161
2018,31573254,1,31609233
2018,31587035,1,31613239
2018,31587036,3,31613240
2018,31587041,1,31613243
2018,31586866,1,31613058
2018,31586903,1,31613102
2018,31586901,1,31613100
2018,31586902,1,31613101
2018,31573289,1,31603408
2018,31586931,1,31613131
2018,31586932,1,31613132
2018,31586930,1,31613130
2018,31586929,1,31613129
2018,31582135,1,31609193
2018,31586965,1,31613164
2018,30795882,1,30802217
2018,30795884,1,30802220
2018,30795892,1,30802227
2018,30788604,1,30802230
2018,30795896,1,30798199
2018,30795922,1,30802260
2018,30788635,1,30794889
2018,30788654,1,30802281
2018,30788652,1,30802280
2018,31553779,1,31584998
2018,31558815,1,31575067
2018,31553872,1,31580086
2018,31558933,1,31575203
2018,31558942,1,31575214
2018,31558954,1,31580187
2018,31559018,1,31580261
2018,31554072,1,31580280
2018,31554071,1,31580279
2018,31554077,1,31585209
2018,31559047,1,31575313
2018,31563975,1,31585230
2018,31554117,1,31585256
2018,31553806,1,31580031
2018,31558857,1,31575120
2018,31558859,1,31580092
2018,31553882,1,31575125
2018,31553925,1,31580140
2018,31553927,1,31575187
2018,31558910,1,31580146
2018,31558909,1,31575189
2018,31563881,1,31575211
2018,31554014,1,31580222
2018,31554066,1,31585205
2018,31563954,1,31580287
2018,31554074,1,31580285
2018,31559032,1,31585208
2018,31563966,1,31585221
2018,31553793,1,31580018
2018,31563759,1,31575063
2018,31553819,1,31575074
2018,31553825,1,31575077
2018,31553848,1,31585049
2018,31553868,1,31580083
2018,31558853,1,31580084
2018,31563807,1,31585060
2018,31563806,1,31575116
2018,31553883,1,31580102
2018,31554017,1,31580224
2018,31559002,1,31585177
2018,31563935,1,31585186
2018,31554052,1,31580262
2018,31563942,1,31585194
2018,31563947,1,31580272
2018,31554069,1,31575297
2018,31559041,1,31575304
2018,31554084,1,31580296
2018,34172645,1,34148076
2018,31573078,8,31603182
2018,31586683,1,31612881
2018,31586686,1,31612884
2018,31573090,1,31609077
2018,31586735,1,31612925
2018,31586737,1,31612927
2018,31586733,1,31612923
2018,31573099,1,31609091
2018,31582043,1,31612970
2018,31586783,1,31609110
2018,31586801,1,31609123
2018,31573141,1,31603276
2018,31573163,1,31613017
2018,31573165,1,31609152
2018,31582081,1,31603299
2018,31582078,1,31603295
2018,31573159,1,31609147
2018,31573161,1,31609148
2018,31573178,1,31609160
2018,31582129,1,31603344
2018,31582132,1,31603347
2018,31586948,1,31603348
2018,31586955,1,31603351
2018,31586958,1,31613156
2018,31586959,1,31613158
2018,31573219,1,31609197
2018,31587022,1,31613226
2018,31587026,3,31613229
2018,31587031,1,31613235
2018,31587038,1,31613241
2018,31587042,1,31613245
2018,31587044,1,31613247
2018,31587047,1,31613250
2018,31587062,1,31613266
2018,31587076,1,31609264
2018,31582350,1,31613524
2018,31582391,1,31603593
2018,31582405,1,31613606
2018,31582422,1,31603621
2018,31582463,1,31609513
2018,31573539,1,31603672
2018,31573541,3,31609518
2018,31582466,1,31613750
2018,31587545,1,31613752
2018,31587544,1,31609520
2018,31582468,1,31613751
2018,31573542,1,31609519
2018,31587543,1,31613749
2018,31573553,22,31613762
2018,31582478,1,31603689
2018,31587559,1,31609530
2018,31587561,1,31603690
2018,31587560,1,31609531
2018,31587562,1,31603691
2018,31587574,1,31603697
2018,31573560,1,31609535
2018,31573572,1,31609546
2018,31587598,1,31613803
2018,31573087,1,31609075
2018,31573086,1,31609074
2018,31586702,1,31612897
2018,31586706,1,31612900
2018,31586715,1,31612904
2018,31582021,1,31612922
2018,31573158,1,31609146
2018,31582100,1,31603320
2018,31586872,1,31609171
2018,31586874,1,31613065
2018,31586873,1,31613064
2018,31587021,1,31613225
2018,31587030,1,31613234
2018,31582190,1,31609246
2018,31573473,1,31609455
2018,31587417,1,31609467
2018,31587422,7,31613627
2018,31582494,1,31613798
2018,31573575,1,31609551
2018,30795910,1,30802247
2018,30791698,1,30794886
2018,31553787,1,31580011
2018,31553796,1,31580022
2018,31563761,1,31585016
2018,31553815,1,31580039
2018,31558846,1,31580072
2018,31563815,1,31580099
2018,31558899,1,31575177
2018,31558907,1,31575188
2018,31558948,1,31575217
2018,31558958,1,31575228
2018,31554015,7,31580223
2018,31563943,1,31575289
2018,31559025,1,31580266
2018,31554064,1,31580271
2018,31554061,1,31580269
2018,31554070,1,31580278
2018,31559037,1,31585214
2018,31554086,1,31575318
2018,31559111,1,31585267
2018,31573079,1,31609071
2018,31586700,1,31612895
2018,31586719,1,31612908
2018,31586720,1,31612909
2018,31582006,1,31612911
2018,31582007,1,31603214
2018,31586738,1,31612928
2018,31573100,1,31612932
2018,31573118,1,31603253
2018,31582050,1,31612982
2018,31582057,1,31603270
2018,31582065,1,31603279
2018,31573147,1,31609135
2018,31586815,1,31609136
2018,31573156,1,31603293
2018,31573157,1,31609145
2018,31586830,7,31613018
2018,31586855,1,31613045
2018,31573183,1,31609164
2018,31573182,1,31609163
2018,31586863,1,31613056
2018,31582106,1,31603326
2018,31573198,1,31613087
2018,31586894,1,31613090
2018,31582140,1,31603353
2018,31573220,1,31609198
2018,31582175,1,31603385
2018,31582176,1,31603386
2018,31587029,1,31613233
2018,31582182,1,31603390
2018,31587033,1,31613237
2018,31587034,1,31613238
2018,31587039,1,31603391
2018,31587040,1,31613242
2018,31587045,1,31613248
2018,31587053,3,31603396
2018,31573267,1,31609247
2018,31573268,1,31609248
2018,31573270,1,31609250
2018,31573269,1,31609249
2018,31573272,1,31609252
2018,31573271,1,31609251
2018,31573273,1,31609253
2018,31582194,1,31609258
2018,31587063,1,31613268
2018,31553788,1,31575053
2018,31563766,1,31585020
2018,31553817,1,31585031
2018,31553816,1,31575072
2018,31558838,1,31575094
2018,31553845,1,31580065
2018,31558876,1,31580115
2018,31553909,1,31575163
2018,31558916,1,31580148
2018,31553958,1,31585125
2018,31558938,1,31575209
2018,31558945,1,31575216
2018,31563888,1,31580184
2018,31553980,1,31580196
2018,31558962,1,31575232
2018,31553985,1,31580201
2018,31558969,1,31575240
2018,31558974,1,31575248
2018,31563959,1,31585217
2018,31563958,1,31580291
2018,31559042,1,31585216
2018,31559049,1,31575315
2018,31559052,1,31585224
2018,31563969,1,31580297
2018,31554104,1,31585245
2018,31554107,1,31580316
2018,31559112,1,31575371
2018,31553801,1,31580027
2018,31563779,1,31580049
2018,31553893,1,31585069
2018,31563855,1,31580145
2018,31558932,1,31585119
2018,31558955,1,31585134
2018,31563892,1,31585138
2018,31563893,1,31585139
2018,31553993,1,31575236
2018,31553996,1,31575237
2018,31554057,1,31585196
2018,31559040,1,31575303
2018,31554080,1,31575305
2018,31559076,1,31575341
2018,31582362,1,31603573
2018,31587347,1,31613553
2018,31573457,1,31603581
2018,31573455,1,31609429
2018,31582371,1,31609431
2018,31573456,1,31609430
2018,31587348,1,31613555
2018,31573458,1,31613558
2018,31587353,1,31609432
2018,31587352,1,31613561
2018,31587355,1,31613563
2018,31587356,1,31613564
2018,31587358,1,31613566
2018,31587357,7,31613565
2018,31587361,1,31613571
2018,31587365,1,31609439
2018,31587367,1,31613575
2018,31587374,1,31613581
2018,31587375,1,31613582
2018,31582392,1,31603594
2018,31587378,1,31613587
2018,31582397,1,31603599
2018,31587395,1,31613602
2018,31582398,1,31613603
2018,31587404,1,31609463
2018,31587405,1,31613613
2018,31587411,1,31613619
2018,31582414,1,31603614
2018,31573482,1,31609466
2018,31582416,1,31603616
2018,31582417,1,31603617
2018,31573484,1,31609470
2018,31587423,1,31613628
2018,31587425,1,31613631
2018,31587426,1,31613632
2018,31587428,1,31613634
2018,31587531,1,31609511
2018,31587532,1,31613740
2018,31587533,1,31603666
2018,31587534,1,31613742
2018,31582467,1,31603674
2018,31573543,1,31609521
2018,31582470,1,31603677
2018,31582472,1,31613754
2018,31582473,1,31603679
2018,31573547,1,31613755
2018,31573549,1,31609525
2018,31573551,1,31603684
2018,31587549,1,31603682
2018,31573550,1,31613757
2018,31582475,1,31603683
2018,31587550,1,31613758
2018,31573554,1,31613763
2018,31573557,1,31609533
2018,31587571,1,31613773
2018,31573562,1,31609536
2018,31573563,1,31609537
2018,31587584,1,31609539
2018,31573565,1,31613785
2018,31582487,1,31603702
2018,31582488,1,31613789
2018,31582490,1,31613792
2018,31573568,1,31613794
2018,31587589,1,31613793
2018,31582491,1,31609544
2018,31587591,1,31613797
2018,31573574,1,31609550
2018,31587597,1,31609552
2018,31587599,1,31613804
2018,31581988,1,31612880
2018,31586716,1,31609081
2018,31582004,1,31603213
2018,31586734,1,31612924
2018,31586740,1,31612930
2018,31586772,1,31612956
2018,31582041,1,31603255
2018,31587349,1,31613556
2018,31587366,1,31613574
2018,31587420,7,31609468
2018,31587430,8,31613636
2018,31573566,1,31613787
2018,31582486,1,31613786
2018,31558794,1,31580001
2018,31553786,1,31585003
2018,31563745,1,31580008
2018,31553820,1,31580043
2018,31558823,22,31575075
2018,31553839,1,31580062
2018,31563830,2,31575145
2018,31553929,1,31580147
2018,31558953,1,31575224
2018,31558965,1,31585147
2018,31563906,1,31575252
2018,31554018,3,31575255
2018,31559026,7,31580267
2018,31554081,1,31580293
2018,31563963,1,31585220
2018,31559046,1,31575312
2018,31559086,1,31575348
2018,31573094,1,31603228
2018,31573103,1,31603233
2018,31586743,1,31609094
2018,31582024,1,31609092
2018,31582039,1,31612958
2018,31586778,1,31603254
2018,31582063,1,31613000
2018,31582070,1,31609131
2018,31586825,1,31609144
2018,31573155,1,31613011
2018,31582101,1,31603321
2018,31582104,1,31603323
2018,31586861,1,31613053
2018,31586860,1,31613052
2018,31586864,1,31613057
2018,31586870,1,31613062
2018,31573193,1,31603330
2018,31586891,1,31613086
2018,31573197,1,31613085
2018,31586923,1,31609184
2018,31586951,1,31613150
2018,31586962,1,31613161
2018,31586963,1,31613162
2018,31586964,1,31613163
2018,31582146,1,31613171
2018,31587023,7,31609228
2018,31587024,7,31613227
2018,31573253,1,31609232
2018,31587037,1,31609234
2018,31582184,1,31603392
2018,31587050,1,31613253
2018,31587052,1,31603394
2018,31587059,1,31613261
2018,31587351,1,31613559
2018,31582381,1,31603585
2018,31587370,1,31613577
2018,31582387,1,31603590
2018,31573462,1,31609443
2018,31587373,1,31613580
2018,31587372,1,31613579
2018,31587377,1,31613584
2018,31573468,1,31613585
2018,31587381,1,31613590
2018,31587382,1,31613591
2018,31582395,1,31613598
2018,31587390,1,31613599
2018,31587397,1,31613605
2018,31582407,1,31613609
2018,31582413,1,31613620
2018,31582415,1,31613625
2018,31587419,1,31603615
2018,31582418,1,31603618
2018,31573486,1,31613630
2018,31582419,1,31603619
2018,31573488,1,31609474
2018,31587538,1,31603670
2018,31587552,1,31603686
2018,31573567,1,31609542
2018,31558809,1,31585008
2018,31558810,1,31585010
2018,31558824,1,31575076
2018,31563787,1,31580056
2018,30791663,1,30794850
2018,30788596,1,30798196
2018,30791702,1,30802266
2018,30788610,1,30794869
2018,31553972,1,31580189
2018,31553838,1,31580061
2018,31553880,1,31575123
2018,31558890,1,31585078
2018,31553904,1,31580128
2018,31553914,1,31575165
2018,31553915,1,31575167
2018,31553954,1,31580169
2018,31558964,1,31580204
2018,31554011,1,31580219
2018,31554043,1,31580253
2018,31559013,1,31575284
2018,31559019,1,31575288
2018,30788602,1,30794864
2018,30788614,1,30794874
2018,30788630,1,30794885
2018,30788633,1,30798224
2018,30795924,1,30802263
2018,30788636,1,30798225
2018,30795933,1,30802273
2018,31554062,1,31580270
2018,31563968,1,31585223
2018,31563970,1,31580298
2018,31554087,1,31580299
2018,31564065,1,31575460
2018,31573095,1,31609087
2018,31573121,1,31612968
2018,31573120,1,31612965
2018,31586780,1,31612969
2018,31586784,1,31612972
2018,31586875,1,31613066
2018,31573207,1,31609185
2018,31573210,1,31613128
2018,31586934,1,31613134
2018,31586947,1,31613148
2018,31586946,1,31609192
2018,31573252,1,31609231
2018,31587055,1,31613258
2018,31582364,1,31603574
2018,31587360,7,31613570
2018,31582385,1,31603589
2018,31582393,1,31613586
2018,31587398,1,31603604
2018,31582404,1,31603605
2018,31582402,1,31609458
2018,31573552,1,31613761
2018,31587595,1,31613800
2018,31563778,1,31580046
2018,31553828,1,31585036
2018,31553844,1,31585046
2018,31558854,1,31575118
2018,31558855,1,31585063
2018,31558856,1,31575119
2018,31553923,1,31580139
2018,31553924,1,31575179
2018,31553951,1,31580165
2018,31586810,1,31603272
2018,31587056,1,31609245
2018,31582199,1,31603405
2018,31587359,1,31613568
2018,31573463,1,31609444
2018,31582394,1,31603595
2018,31582401,1,31603601
2018,31573480,1,31609464
2018,31573483,1,31613624
2018,31582420,1,31609472
2018,31563747,1,31580010
2018,31563753,1,31580016
2018,31553821,1,31585033
2018,31553818,1,31580040
2018,31563774,1,31575073
2018,31553846,1,31580066
2018,31563810,1,31580091
2018,31558882,1,31585075
2018,31558941,1,31575210
2018,31553973,1,31575225
2018,31563889,1,31585135
2018,31558956,1,31585137
2018,31553986,1,31580202
2018,31553988,1,31585143
2018,31563898,1,31580205
2018,31553994,1,31580210
2018,31558973,1,31575247
2018,31558977,1,31575251
2018,31563907,1,31575253
2018,31554035,1,31585178
2018,31554044,1,31580255
2018,31563937,1,31585188
2018,31559028,1,31585203
2018,31559034,1,31580289
2018,31563957,1,31585215
2018,31554082,1,31575307
2018,31559053,1,31585226
2018,31563974,1,31585229
2018,31563973,1,31585227
2018,31559073,1,31580313
2018,31559114,3,31575373
2018,31559114,8,31575374
2018,31558798,1,31585001
2018,31558842,1,31580067
2018,31563792,1,31575099
2018,31553870,1,31575117
2018,31553879,1,31580096
2018,31563834,1,31575152
2018,31558913,1,31585093
2018,31558929,1,31585117
2018,31563932,1,31585184
2018,31563930,1,31585182
2018,31559011,1,31585185
2018,31554059,1,31585200
2018,31559050,1,31575316
2018,31554089,1,31580301
2018,31564012,1,31580358
2018,31553798,1,31575064
2018,31563795,1,31575103
2018,31563860,1,31580152
2018,31553930,1,31585096
2018,31553976,1,31580192
2018,31558966,1,31575235
2018,31563950,1,31580276
2018,31563952,1,31580277
2018,31563960,1,31580292
2018,31554139,1,31580355
2018,31559108,1,31585266
2018,31553955,1,31575202
2018,31563882,1,31575213
2018,31553975,1,31575227
2018,31563895,1,31585142
2018,31563896,1,31580203
2018,31554001,1,31585152
2018,31554000,1,31575243
2018,31554010,1,31585155
2018,31563929,1,31585179
2018,31554047,1,31580257
2018,31563940,1,31585193
2018,31554068,1,31585206
2018,31554075,1,31580286
2018,31554079,1,31585213
2018,31559048,1,31575314
2018,31554096,1,31575333
2018,31554106,1,31575343
2018,31559088,1,31575350
2018,31563997,1,31575353
2018,31554141,1,31580359
2018,31586856,1,31613046
2018,31587074,1,31613278
2018,31582382,1,31603586
2018,31587379,1,31613588
2018,31573472,7,31603598
2018,31582406,1,31603606
2018,31582477,1,31603688
2018,31587581,1,31613782
2018,31553774,1,31580000
2018,31553781,1,31575050
2018,31563750,1,31585009
2018,31558807,1,31575056
2018,31553790,1,31575059
2018,31558840,1,31575097
2018,31558839,1,31575096
2018,31563793,1,31580070
2018,31553854,1,31575104
2018,31553874,1,31580088
2018,31563831,6,31575147
2018,31553910,1,31580132
2018,31563842,1,31585082
2018,31553920,1,31575173
2018,31558905,1,31575186
2018,31558937,1,31575207
2018,31558940,1,31580174
2018,31558939,1,31580173
2018,31563891,1,31580190
2018,31553977,1,31580193
2018,31553979,1,31580195
2018,31563894,1,31580198
2018,31559005,1,31580248
2018,31554038,1,31575276
2018,31554048,1,31585189
2018,31554053,1,31580263
2018,31554054,1,31575290
2018,31563948,1,31580273
2018,31559031,1,31575298
2018,31563955,1,31575300
2018,31563961,1,31585218
2018,31563962,1,31585219
2018,31559051,1,31575317
2018,31554118,1,31580330
2018,31553782,1,31580005
2018,31563758,1,31580017
2018,31563763,1,31580026
2018,31553837,1,31575093
2018,31553836,1,31585041
2018,31558841,1,31580064
2018,31558847,1,31575105
2018,31553867,1,31580082
2018,31553869,1,31585061
2018,31553877,1,31575122
2018,31558858,1,31575121
2018,31563850,1,31575183
2018,30788634,1,30794888
2018,30791700,1,30794891
2018,30795935,1,30798230
2018,30031837,1,30062580
2018,30042115,1,30057521
2018,30031915,1,30052432
2018,30031945,1,30067666
2018,30047188,1,30062706
2018,30047189,1,30067676
2018,30031950,1,30052457
2018,30042261,1,30067737
2018,30047254,1,30067747
2018,30042280,1,30067772
2018,34172644,7,34148075
2018,30042093,1,30057495
2018,30031832,1,30052355
2018,30037034,1,30057501
2018,30031863,1,30057530
2018,30047081,1,30057546
2018,30042144,1,30062628
2018,30031888,1,30052407
2018,30031892,1,30067584
2018,30031893,1,30052411
2018,30047203,1,30067689
2018,30042238,1,30062719
2018,30047219,1,30067710
2018,30047244,1,30067735
2018,30047243,1,30052488
2018,30047252,1,30067745
2018,30047273,1,30067765
2018,30047278,1,30067771
2018,30520471,1,30517206
2018,30520490,1,30526740
2018,30520537,1,30526784
2018,30511039,1,30517266
2018,30511038,1,30526785
2018,30511057,1,30517278
2018,30520555,1,30526802
2018,30520559,1,30526807
2018,30511073,1,30526821
2018,30520581,1,30526831
2018,30520603,1,30526854
2018,30515327,1,30521769
2018,30511119,1,30517332
2018,30515338,1,30517342
2018,30515345,1,30521779
2018,30520650,1,30517374
2018,30520483,1,30521663
2018,30520488,1,30526735
2018,30511030,7,30517254
2018,30520548,1,30526793
2018,30511072,1,30521727
2018,30520594,1,30526843
2018,30520599,1,30521753
2018,30515320,1,30521760
2018,34172753,1,34148184
2018,34172752,1,34148183
2018,34172754,1,34148185
2018,34172751,1,34148182
2018,30520491,1,30526741
2018,30515237,1,30521672
2018,30520494,1,30526745
2018,30520506,1,30521682
2018,30511025,1,30517248
2018,30520522,1,30517249
2018,30511044,1,30521704
2018,30520540,1,30526788
2018,30511062,1,30521715
2018,30520562,1,30521720
2018,30520572,1,30526825
2018,30520592,1,30526841
2018,30511103,3,30517319
2018,30515346,1,30521782
2018,30520639,1,30526893
2018,30511143,1,30526900
2018,30511145,1,30521794
2018,30511154,1,30517375
2018,30515381,1,30521812
2018,30511162,1,30517379
2018,30515382,5,30521813
2018,34252186,1,34217818
2018,34252187,1,34217819
2018,30037004,1,30062543
2018,30031810,1,30062550
2018,30042078,1,30062563
2018,30042113,1,30062594
2018,30031857,1,30062602
2018,30042157,1,30067576
2018,30047128,1,30067603
2018,30047127,1,30067602
2018,30042183,1,30062664
2018,30031916,1,30052434
2018,30047146,1,30067624
2018,30042189,1,30067626
2018,30047159,1,30067641
2018,30031930,1,30067642
2018,30031941,1,30052452
2018,30031940,1,30052451
2018,30047174,1,30067660
2018,30031987,1,30052486
2018,30042260,1,30052487
2018,30520329,1,30521506
2018,30515077,1,30521517
2018,30510895,1,30517113
2018,30515124,1,30526638
2018,30510927,1,30521592
2018,30510926,1,30517143
2018,30510945,1,30521605
2018,30520441,7,30526695
2018,30520451,1,30517181
2018,30515193,1,30517184
2018,30520459,1,30517188
2018,30510978,1,30521645
2018,30520481,1,30526722
2018,30515241,1,30526748
2018,30520501,1,30526750
2018,30520520,1,30526768
2018,30520517,1,30517243
2018,30511027,1,30517250
2018,30510873,1,30521536
2018,30520365,1,30526612
2018,30510852,1,30517064
2018,30520385,1,30517119
2018,30515122,1,30517120
2018,30510903,1,30526643
2018,30520398,1,30526647
2018,30510920,1,30521586
2018,30515168,1,30517156
2018,30510984,1,30526718
2018,30520474,1,30526717
2018,30520472,1,30526715
2018,30510997,1,30521664
2018,30515249,1,30521687
2018,30520528,1,30521695
2018,30520626,1,30526879
2018,30520635,1,30526890
2018,30511144,1,30517361
2018,30511158,1,30521804
2018,30520656,1,30526916
2018,30515266,1,30526781
2018,30520536,1,30526782
2018,30520563,1,30526814
2018,30515282,1,30526813
2018,30511071,1,30521726
2018,30520587,1,30526837
2018,30515335,1,30521772
2018,30511124,1,30517344
2018,30511123,1,30517343
2018,30520642,1,30526898
2018,30520643,1,30517362
2018,30515377,1,30521807
2018,30515378,1,30521808
2018,30515425,1,30526959
2018,30520718,3,30526982
2018,30515462,1,30526989
2018,30511275,1,30517493
2018,30511273,1,30517492
2018,30511291,1,30517511
2018,30515499,1,30517510
2018,30515504,1,30521927
2018,30515505,1,30521928
2018,30520792,7,30521983
2018,30520804,1,30521999
2018,30515575,1,30527073
2018,30511381,1,30527078
2018,30511404,1,30522018
2018,30515601,1,30527092
2018,30515611,1,30517634
2018,30515620,1,30527104
2018,30520845,1,30527107
2018,30515634,1,30517653
2018,30520876,1,30527143
2018,30514807,1,30516773
2018,30510544,1,30526210
2018,30514810,1,30521207
2018,30519950,1,30526220
2018,30514819,1,30521225
2018,30510574,1,30516803
2018,30514852,1,30521260
2018,30520713,1,30521876
2018,30510599,1,30516820
2018,30510603,1,30521266
2018,30520008,1,30521269
2018,30520015,1,30516834
2018,30520018,1,30516839
2018,30520023,1,30526299
2018,30510630,1,30516846
2018,30520033,1,30526307
2018,30520034,1,30516851
2018,30514876,7,30521292
2018,30510642,1,30516863
2018,30510647,1,30516867
2018,30510657,1,30516873
2018,30520081,1,30516885
2018,30514922,1,30521342
2018,30520115,1,30526383
2018,30514929,7,30521348
2018,30514932,1,30521351
2018,30510705,1,30516921
2018,30510719,1,30521377
2018,30510726,1,30526433
2018,30520508,1,30517236
2018,30520511,1,30521685
2018,30510738,1,30516954
2018,30515542,1,30521971
2018,30514987,1,30516971
2018,30520203,1,30526465
2018,30510758,1,30521417
2018,30510759,1,30516972
2018,30520223,1,30526482
2018,30510786,1,30521441
2018,30520272,1,30521459
2018,30510811,1,30517018
2018,30515042,1,30517027
2018,30520283,1,30526551
2018,30520284,1,30517029
2018,30510845,1,30526575
2018,30510848,1,30517059
2018,30520334,1,30521510
2018,30520350,1,30521520
2018,30515088,1,30526605
2018,30510908,1,30526652
2018,30515157,1,30526671
2018,30510961,1,30517180
2018,30511014,1,30526757
2018,30520524,1,30517255
2018,30515267,1,30526783
2018,30515277,1,30526810
2018,30515280,1,30526812
2018,30511100,1,30526848
2018,30511146,1,30517365
2018,30520687,1,30526945
2018,30511205,1,30521847
2018,30520696,1,30526954
2018,30520706,1,30517446
2018,30520720,1,30521884
2018,30520719,1,30526984
2018,30520726,1,30526992
2018,30515469,1,30526999
2018,30515476,1,30517484
2018,30511272,1,30521911
2018,30515487,1,30521912
2018,30511281,1,30517499
2018,30515502,1,30521925
2018,30515503,1,30521926
2018,30520761,1,30517521
2018,30520763,1,30527028
2018,30511307,1,30521938
2018,30511337,1,30527053
2018,30515560,1,30527057
2018,30511352,1,30521989
2018,30515563,1,30521988
2018,30511350,1,30527058
2018,30520798,1,30527062
2018,30511368,1,30521993
2018,30511371,1,30517585
2018,30515581,1,30522007
2018,30515580,1,30522006
2018,30520815,1,30527083
2018,30511389,1,30517606
2018,30515591,1,30527088
2018,30511396,1,30522013
2018,30515610,1,30522037
2018,30515617,1,30527098
2018,30520842,1,30522043
2018,30515625,1,30522050
2018,30511429,1,30517652
2018,30515641,1,30517662
2018,30515648,1,30522068
2018,30520877,1,30522074
2018,30515653,1,30517674
2018,30511456,1,30527145
2018,30510512,1,30526182
2018,30510621,1,30516836
2018,30510631,1,30516847
2018,30514880,1,30521294
2018,30520052,1,30526320
2018,30515444,1,30517448
2018,30520059,1,30521304
2018,30514912,1,30516891
2018,30520093,1,30526364
2018,30520101,1,30526370
2018,30510685,1,30526380
2018,30514928,1,30521347
2018,30520151,1,30526414
2018,30514955,1,30516934
2018,30520209,1,30526471
2018,30520219,1,30521423
2018,30520242,1,30521440
2018,30515027,1,30521458
2018,30520285,1,30526552
2018,30515225,1,30517221
2018,30515230,1,30521667
2018,30511035,1,30521697
2018,30515265,1,30521700
2018,30520538,1,30517267
2018,30511045,1,30521705
2018,30515269,1,30521703
2018,30520547,1,30526792
2018,30515275,1,30517283
2018,30520561,1,30521719
2018,30520574,1,30521737
2018,30520583,6,30517303
2018,30520624,1,30526876
2018,30520627,1,30526882
2018,30511173,1,30517387
2018,30520690,1,30526947
2018,30515419,1,30521854
2018,30520753,1,30527020
2018,30511392,1,30522012
2018,30511391,1,30517609
2018,30515605,1,30527093
2018,30511419,1,30517641
2018,30511435,1,30517658
2018,30520871,1,30522067
2018,30520882,7,30527146
2018,30520881,1,30517681
2018,30515656,7,30517680
2018,30520887,1,30527152
2018,30042060,1,30062542
2018,30031829,1,30052353
2018,30042094,1,30052359
2018,30042098,1,30062583
2018,30031840,1,30062589
2018,30042109,1,30052371
2018,30520185,1,30526446
2018,30520195,1,30526457
2018,30520206,1,30526468
2018,30520251,1,30526516
2018,30515040,1,30521469
2018,30510838,1,30526569
2018,30515054,1,30521486
2018,30520318,1,30521495
2018,30511214,1,30526951
2018,30520701,7,30521857
2018,30520707,1,30526974
2018,30520708,1,30526976
2018,30520732,1,30521891
2018,30511284,1,30517503
2018,30515501,1,30527023
2018,30515651,1,30522070
2018,30520328,1,30526584
2018,30520332,1,30517065
2018,30520386,1,30526636
2018,30515162,1,30517149
2018,30515167,1,30521601
2018,30515178,1,30526692
2018,30515181,1,30521619
2018,30510974,1,30517193
2018,30510973,1,30521641
2018,30510994,1,30526727
2018,30520485,1,30526732
2018,30510998,1,30517223
2018,30511011,1,30517233
2018,30520513,1,30526761
2018,30515271,1,30521711
2018,30520549,1,30521712
2018,30520550,1,30526796
2018,30511055,1,30517276
2018,30520564,1,30526815
2018,30520593,1,30526842
2018,30515350,1,30517354
2018,30511136,1,30526896
2018,30515353,1,30521785
2018,30510507,1,30526181
2018,30510511,6,30521176
2018,30514781,6,30521177
2018,30510513,1,30521179
2018,30514786,1,30521181
2018,30514783,1,30526183
2018,30510527,1,30516765
2018,30519946,1,30526214
2018,30519967,1,30516793
2018,30519983,1,30526251
2018,30514837,1,30526258
2018,30514840,1,30521247
2018,30510595,1,30516818
2018,30520674,1,30526938
2018,30520009,1,30521270
2018,30510625,1,30521282
2018,30510628,1,30521283
2018,30520031,1,30526306
2018,30520038,1,30526309
2018,30510639,1,30526312
2018,30520042,1,30521295
2018,30520057,1,30526326
2018,30520061,1,30521305
2018,30520060,1,30526329
2018,30514888,1,30526330
2018,30514895,7,30521310
2018,30510661,1,30516875
2018,30514897,1,30521313
2018,30514902,1,30526347
2018,30520072,1,30516878
2018,30520083,1,30516886
2018,30514911,7,30521327
2018,30520098,1,30516893
2018,30510682,1,30516900
2018,30520105,1,30526373
2018,30514924,7,30516907
2018,30514926,1,30521346
2018,30520121,1,30526390
2018,30520128,1,30526394
2018,30514933,1,30526399
2018,30520138,1,30521354
2018,30510714,1,30526421
2018,30510718,1,30521376
2018,30514957,1,30526434
2018,30520670,1,30521826
2018,30520186,1,30526447
2018,30514978,1,30521405
2018,30514981,1,30521408
2018,30520197,1,30526459
2018,30510756,1,30516970
2018,30520200,1,30526462
2018,30514985,1,30521415
2018,30520210,1,30526472
2018,30520225,1,30526484
2018,30520237,1,30526498
2018,30520246,1,30526507
2018,30510794,1,30521444
2018,30510799,1,30526523
2018,30515015,1,30521451
2018,30515028,1,30521460
2018,30520281,1,30521471
2018,30520295,1,30526560
2018,30520308,1,30517051
2018,30510853,1,30521508
2018,30510863,1,30517076
2018,30515076,1,30517077
2018,30520354,1,30517084
2018,30515104,1,30521543
2018,30515112,1,30521552
2018,30515121,1,30526635
2018,30515134,1,30521569
2018,30515138,1,30526659
2018,30515153,1,30521590
2018,30510936,1,30526676
2018,30510939,1,30517153
2018,30510941,1,30517155
2018,30510942,1,30517157
2018,30510958,1,30526698
2018,30515210,1,30521650
2018,30510988,1,30517214
2018,30520475,1,30517212
2018,30520477,1,30526720
2018,30520482,1,30521658
2018,30515220,1,30517218
2018,30515232,1,30526734
2018,30520492,1,30526743
2018,30515246,1,30521681
2018,30515248,1,30521686
2018,30520521,3,30517244
2018,30511037,1,30521699
2018,30520534,1,30526779
2018,30520554,1,30517279
2018,30515292,1,30521735
2018,30515291,1,30521734
2018,30511087,1,30517301
2018,30511088,1,30517302
2018,30515297,1,30521741
2018,30515312,1,30517317
2018,30511108,1,30517322
2018,30520615,1,30526868
2018,30520621,1,30517334
2018,30511120,1,30517339
2018,30520629,1,30526883
2018,30520630,1,30517348
2018,30511134,1,30517355
2018,30520641,1,30526897
2018,30511153,1,30517373
2018,30520653,1,30521809
2018,30511166,1,30517382
2018,30511203,1,30517419
2018,30511207,1,30521848
2018,30515415,1,30517424
2018,30511208,1,30517426
2018,30511211,3,30517430
2018,30515448,1,30521871
2018,30515451,1,30521877
2018,30511241,1,30521880
2018,30520722,1,30526986
2018,30520723,1,30517461
2018,30515480,1,30521904
2018,30515484,1,30521907
2018,30515486,1,30521910
2018,30515500,1,30517513
2018,30515506,1,30527026
2018,30515510,1,30517522
2018,30515513,1,30527029
2018,30515573,1,30527072
2018,30511398,1,30517615
2018,30520829,1,30522029
2018,30511413,1,30517633
2018,30511422,1,30517644
2018,30520846,1,30517645
2018,30511423,1,30522051
2018,30520849,1,30517648
2018,30511430,1,30522055
2018,30520874,1,30517670
2018,30511446,1,30522071
2018,30511447,1,30517672
2018,30511451,1,30522073
2018,30511457,1,30517683
2018,30520884,1,30517687
2018,30520204,1,30516973
2018,30511095,1,30517311
2018,30510798,1,30517001
2018,30520254,1,30517003
2018,30510817,1,30526546
2018,30520280,1,30521468
2018,30515044,1,30521473
2018,30520467,1,30521648
2018,30520487,1,30526733
2018,30520493,1,30526744
2018,30511024,1,30517247
2018,30515274,1,30517282
2018,30520575,1,30526828
2018,30511089,1,30521743
2018,30511127,1,30521780
2018,30511141,1,30517360
2018,30515443,1,30521868
2018,30520735,1,30521897
2018,30515477,1,30517488
2018,30520740,1,30521906
2018,30511394,1,30517612
2018,30520841,1,30517639
2018,30515621,1,30527106
2018,30520847,1,30527111
2018,30515630,1,30527113
2018,30515632,1,30527115
2018,30511438,1,30517660
2018,30511454,1,30517676
2018,30515662,1,30517690
2018,30510783,1,30516997
2018,30510796,1,30521445
2018,30520252,1,30517002
2018,30515012,1,30526518
2018,30520257,1,30526521
2018,30510803,1,30517011
2018,30520290,1,30526555
2018,30510826,1,30517034
2018,30520680,1,30526942
2018,30519976,1,30526243
2018,30514842,1,30516806
2018,30510584,1,30516807
2018,30510598,1,30521264
2018,30514879,1,30516857
2018,30510650,1,30526328
2018,30520078,1,30521324
2018,30520087,1,30521331
2018,30520099,1,30516895
2018,30514916,1,30516896
2018,30510680,1,30521336
2018,30520111,7,30521340
2018,30514927,1,30526385
2018,30510698,1,30516915
2018,30520127,1,30526393
2018,30514936,1,30521361
2018,30514937,1,30521362
2018,30510983,1,30517204
2018,30515215,1,30521654
2018,30511340,1,30517559
2018,30514960,1,30521387
2018,30520191,1,30521404
2018,30515242,1,30521679
2018,30520502,1,30526751
2018,30510745,1,30516961
2018,30510767,1,30521420
2018,30514990,1,30516982
2018,30520226,1,30526485
2018,30520233,1,30516993
2018,30520238,1,30526499
2018,30520244,1,30526506
2018,30515013,1,30517004
2018,30520271,1,30526538
2018,30520760,1,30521931
2018,30520276,1,30521463
2018,30515038,1,30521467
2018,30520282,1,30517028
2018,30510821,3,30517032
2018,30520289,3,30517031
2018,30515046,1,30526556
2018,30520291,1,30521476
2018,30510831,1,30526561
2018,30520298,8,30517041
2018,30510834,1,30517046
2018,30510846,1,30517056
2018,30510847,1,30517057
2018,30515059,1,30517058
2018,30515060,1,30517060
2018,30520358,1,30521535
2018,30510896,1,30517115
2018,30520384,1,30517114
2018,30510897,1,30517116
2018,30515132,1,30526648
2018,30510909,1,30517128
2018,30515136,1,30526656
2018,30520500,1,30526749
2018,30515261,1,30517261
2018,30520526,1,30526772
2018,30511091,1,30526838
2018,30511192,1,30517405
2018,30511202,1,30526946
2018,30520717,7,30517459
2018,30515461,1,30517460
2018,30515464,1,30517468
2018,30520746,1,30527011
2018,30511297,1,30521929
2018,30511369,1,30517583
2018,30515571,1,30527069
2018,30511384,1,30517600
2018,30511385,1,30527081
2018,30520820,1,30522015
2018,30511402,1,30517619
2018,30511400,1,30522017
2018,30511440,1,30522061
2018,30515646,1,30527135
2018,30515655,7,30522075
2018,30510969,1,30517189
2018,30520461,1,30521640
2018,30515198,1,30521639
2018,30510972,1,30517192
2018,30520463,1,30521644
2018,30515227,1,30526726
2018,30510993,1,30517222
2018,30520486,1,30521666
2018,30511000,1,30526737
2018,30515233,1,30521670
2018,30515235,1,30521671
2018,30511004,1,30517227
2018,30511003,1,30517226
2018,30515234,1,30517225
2018,30520496,1,30517228
2018,30510985,1,30517210
2018,30510987,1,30517213
2018,30510986,1,30517211
2018,30515219,1,30517217
2018,30510989,1,30517219
2018,30515243,1,30526752
2018,30520503,1,30526753
2018,30515244,1,30521680
2018,30520505,1,30526755
2018,30511010,1,30526754
2018,30520509,1,30526758
2018,30511017,1,30517241
2018,30515253,1,30517242
2018,30520519,1,30526767
2018,30511019,1,30521690
2018,30511020,7,30526769
2018,30511023,1,30517246
2018,30515258,1,30517252
2018,30515257,1,30521694
2018,30520523,1,30517253
2018,30520525,1,30517257
2018,30511031,1,30517256
2018,30520527,1,30517260
2018,30520530,1,30517265
2018,30520529,1,30526774
2018,30515263,1,30521696
2018,30515264,1,30526776
2018,30520533,1,30526778
2018,30511036,1,30521698
2018,30520535,1,30526780
2018,30515268,1,30521701
2018,30511041,1,30521702
2018,30511043,1,30517269
2018,30511047,1,30517271
2018,30511050,1,30517273
2018,30511049,1,30517272
2018,30520542,1,30521707
2018,30520544,1,30526789
2018,30511048,1,30521708
2018,30520543,1,30521709
2018,30520545,1,30521710
2018,30520546,1,30526791
2018,30511056,1,30517277
2018,30511059,1,30521713
2018,30031818,1,30052338
2018,30042073,1,30062559
2018,30037056,1,30062606
2018,30042122,1,30062605
2018,30047120,1,30062655
2018,30031911,1,30062665
2018,30042186,1,30062666
2018,30047153,1,30067632
2018,30031928,1,30052444
2018,30042223,1,30062699
2018,30031949,7,30067670
2018,30047218,1,30067709
2018,30032009,1,30062762
2018,34243125,1,34227087
2018,34243126,1,34227088
2018,33810734,1,33808380
2018,33810747,1,33808394
2018,33810748,1,33808395
2018,33819525,1,33799692
2018,33819526,1,33808399
2018,31558902,1,31575182
2018,31563851,1,31585087
2018,31553957,1,31580172
2018,31553971,1,31580188
2018,31558970,1,31585149
2018,31559003,1,31580246
2018,31559010,1,31575280
2018,31559017,1,31575286
2018,31554051,1,31585195
2018,31559020,1,31575291
2018,31559022,1,31575293
2018,31559024,1,31575295
2018,31563949,1,31580274
2018,31563951,8,31585207
2018,31559036,1,31575301
2018,31559044,8,31575308
2018,31563965,1,31575309
2018,31563967,1,31585222
2018,31559045,1,31575311
2018,31563971,1,31585225
2018,31554119,1,31580332
2018,31564001,1,31585258
2018,31559094,1,31580337
2018,34111123,1,34094944
2018,34111124,1,34094945
2018,34111132,1,34094953
2018,31563743,1,31580003
2018,31563754,1,31585012
2018,31553795,1,31580021
2018,31553799,1,31575066
2018,31553853,1,31585051
2018,31558895,1,31580135
2018,31553953,1,31580168
2018,31553967,1,31580183
2018,31553981,1,31580197
2018,31554019,1,31580225
2018,31563972,1,31580300
2018,31559058,1,31575323
2018,31559071,1,31585242
2018,31559078,1,31585246
2018,31559080,1,31585247
2018,31582346,7,31603553
2018,31573459,1,31613560
2018,31582377,1,31613569
2018,31573464,1,31609445
2018,31582461,1,31603667
2018,31587540,1,31603671
2018,31573540,1,31609517
2018,31573544,1,31603676
2018,31573548,1,31603680
2018,31587579,1,31613780
2018,31587586,1,31609541
2018,31587594,1,31603705
2018,31582495,1,31609548
2018,31586689,1,31603194
2018,31582064,1,31612999
2018,31573148,1,31603288
2018,31586818,1,31609139
2018,31573164,1,31609150
2018,31587046,2,31613249
2018,31573277,1,31609257
2018,31587065,5,31613270
2018,31582363,1,31613547
2018,31573451,1,31609425
2018,31573452,1,31609426
2018,31582366,1,31603576
2018,31587363,1,31613573
2018,31587371,1,31613578
2018,31582389,1,31603592
2018,31587389,7,31603596
2018,31573475,1,31603602
2018,31587399,1,31613607
2018,31587403,1,31613612
2018,31573481,1,31603612
2018,31587415,1,31603613
2018,31587462,1,31613670
2018,31582464,1,31613746
2018,31582474,1,31603681
2018,31587555,1,31603687
2018,31587564,1,31603692
2018,31587583,1,31603701
2018,31587590,1,31609543
2018,31573115,1,31603248
2018,31573143,1,31603282
2018,31582069,1,31603284
2018,31582080,1,31603296
2018,31582082,1,31603298
2018,31586854,7,31613044
2018,31582109,1,31603328
2018,31582383,1,31603587
2018,31587384,1,31613593
2018,31587394,1,31609453
2018,31587407,1,31613615
2018,31573564,1,31609538
2018,31582099,1,31603319
2018,31582102,1,31613049
2018,31586935,1,31603345
2018,31582177,1,31603387
2018,31587043,1,31613246
2018,31587051,7,31613254
2018,31573259,1,31609239
2018,31573260,1,31609240
2018,31573266,1,31603399
2018,31587341,1,31613548
2018,31573454,1,31609428
2018,31587364,1,31609438
2018,31582386,1,31609441
2018,30788639,1,30802265
2018,30788645,1,30798229
2018,30788583,1,30798180
2018,30788597,1,30794859
2018,30788598,1,30794860
2018,30788599,1,30794861
2018,30788600,1,30794862
2018,30788606,1,30794866
2018,30795912,1,30802248
2018,30042267,1,30067750
2018,30047261,1,30052499
2018,30042275,1,30067761
2018,30047274,1,30052502
2018,30032007,1,30067770
2018,30519916,1,30516754
2018,30510528,1,30526201
2018,30519930,1,30516766
2018,30514805,1,30521201
2018,30510575,1,30521240
2018,30510591,1,30516815
2018,30510600,1,30526278
2018,30510627,1,30516844
2018,30510626,1,30516843
2018,30514882,1,30521296
2018,30520100,1,30526368
2018,30514917,1,30516897
2018,30520110,8,30526379
2018,30520125,1,30516917
2018,30511012,1,30517235
2018,30511021,1,30517245
2018,30510740,1,30521402
2018,30515650,1,30522069
2018,30520202,1,30526463
2018,30510760,1,30521418
2018,30510774,1,30516987
2018,30510781,7,30516995
2018,30510788,1,30516999
2018,30520264,1,30526530
2018,30510824,1,30521477
2018,30510825,1,30526557
2018,30520317,1,30521494
2018,30520320,2,30526577
2018,30520355,1,30517086
2018,30515123,1,30517123
2018,30520399,1,30526649
2018,30520408,1,30526661
2018,30520413,1,30526666
2018,30515179,1,30521616
2018,30510990,1,30526723
2018,30511032,1,30517262
2018,30515262,1,30517263
2018,30520553,1,30526799
2018,30520558,1,30517284
2018,30511065,1,30521716
2018,30520566,1,30526817
2018,30520569,1,30526819
2018,30515286,1,30526818
2018,30515347,1,30521783
2018,30515363,1,30526902
2018,30788589,1,30794853
2018,30788603,1,30798198
2018,30795900,1,30794872
2018,30788619,1,30794877
2018,30788618,1,30794876
2018,30788628,1,30802259
2018,30788629,1,30794884
2018,30795942,1,30802283
2018,30031844,1,30052369
2018,30042130,1,30052390
2018,30037075,1,30057541
2018,30047116,1,30067590
2018,30047132,1,30062661
2018,30047134,1,30067610
2018,30515078,1,30521518
2018,30520344,1,30526596
2018,30515118,1,30517109
2018,30520383,1,30521556
2018,30515130,1,30521563
2018,30510921,1,30517138
2018,30510950,1,30517166
2018,30520452,1,30517179
2018,30515202,1,30526709
2018,30520479,1,30517216
2018,30515239,1,30521676
2018,30520551,1,30526797
2018,30520552,1,30526798
2018,30520568,1,30521722
2018,30520571,1,30526822
2018,30515328,1,30521770
2018,30515329,1,30517333
2018,30511121,1,30526878
2018,30511126,1,30517345
2018,30511132,1,30517350
2018,30511133,1,30517351
2018,30511151,1,30521797
2018,29767034,1,29782231
2018,29765815,1,29786321
2018,29771826,7,29792282
2018,29767081,1,29787531
2018,29765826,1,29787538
2018,29767190,1,29792359
2018,29767212,1,29787667
2018,29765932,3,29786419
2018,29771934,1,29792399
2018,29765934,1,29792401
2018,29767246,1,29786423
2018,29765964,1,29786467
2018,29767329,1,29792449
2018,29771994,1,29787781
2018,29767340,1,29792468
2018,29772007,1,29792482
2018,29767383,1,29787820
2018,29766008,1,29786509
2018,29766012,1,29787832
2018,29767393,1,29792488
2018,29767400,1,29787838
2018,29766019,1,29787848
2018,29767445,1,29787896
2018,29767467,1,29787921
2018,29767468,1,29787922
2018,29772080,1,29792543
2018,30514788,1,30521183
2018,30514803,1,30526203
2018,30510539,1,30526207
2018,30514809,1,30526208
2018,30519943,1,30521213
2018,30514812,1,30521216
2018,30519960,1,30526229
2018,30519966,1,30526235
2018,30519968,1,30516795
2018,30519972,1,30521231
2018,30514829,1,30521236
2018,30519979,1,30526248
2018,30519984,1,30526253
2018,30514834,1,30521242
2018,30519985,1,30526257
2018,30519986,1,30521244
2018,30519989,1,30526264
2018,30510585,1,30516808
2018,30514851,1,30521259
2018,30510597,1,30516819
2018,30514855,1,30521263
2018,30520004,1,30526279
2018,30514857,1,30516824
2018,30510609,1,30521272
2018,30510616,1,30521276
2018,30510617,1,30516833
2018,30510620,1,30526293
2018,30520021,7,30526296
2018,30514870,1,30521281
2018,30510624,1,30526297
2018,30520025,1,30526301
2018,30510641,1,30516859
2018,30510643,1,30516864
2018,30514883,1,30526323
2018,30514889,1,30521306
2018,30510656,1,30516872
2018,30520075,1,30521320
2018,30520082,1,30526354
2018,30510675,1,30526359
2018,30520097,1,30521334
2018,30510678,1,30516894
2018,30520102,1,30526371
2018,30520106,1,30526374
2018,30520113,1,30516906
2018,30510690,1,30526382
2018,30510693,1,30516909
2018,30520117,1,30516910
2018,30520123,1,30516916
2018,30520141,1,30521360
2018,30520144,1,30521364
2018,30510710,1,30521365
2018,30520155,1,30526417
2018,30520160,1,30526425
2018,30510724,1,30516935
2018,30520165,1,30516936
2018,30510736,1,30526444
2018,30514973,1,30526449
2018,30515389,1,30526924
2018,30514976,1,30516956
2018,30520192,1,30526455
2018,30510742,1,30516957
2018,30514979,1,30516960
2018,30520199,1,30526461
2018,30510754,1,30516968
2018,30520216,1,30526478
2018,30510782,1,30516996
2018,30520261,1,30517005
2018,30510800,1,30517008
2018,30515019,1,30521452
2018,30515020,1,30526527
2018,30520262,1,30526526
2018,30510802,1,30517009
2018,30515024,1,30526531
2018,30510804,1,30521456
2018,30510805,1,30517012
2018,30510808,1,30517015
2018,30510809,1,30517016
2018,30515030,1,30526540
2018,30515039,7,30526549
2018,30520286,1,30517030
2018,30515045,1,30521474
2018,30510823,1,30521475
2018,30510827,1,30521478
2018,30520297,1,30526563
2018,30520300,1,30517044
2018,30510843,1,30517055
2018,30515056,7,30521487
2018,30520312,7,30521488
2018,30520314,1,30521492
2018,30515065,1,30526579
2018,30520331,1,30526587
2018,30515074,1,30517069
2018,30515075,1,30517071
2018,30510859,1,30526588
2018,30510865,1,30526592
2018,30520347,1,30526599
2018,30515082,1,30521522
2018,30520352,1,30526602
2018,30510870,1,30521526
2018,30520359,1,30526607
2018,30515096,1,30521537
2018,30520364,1,30526610
2018,30520373,1,30526625
2018,30510891,1,30517104
2018,30520381,1,30526634
2018,30520380,1,30526632
2018,30515127,1,30526642
2018,30520396,1,30517126
2018,30510906,1,30526650
2018,30510910,1,30517127
2018,30520404,1,30526655
2018,30520403,1,30526654
2018,30515141,1,30521575
2018,30520412,1,30517140
2018,30520416,1,30526669
2018,29761795,1,29787503
2018,29767087,1,29786331
2018,29767097,1,29786341
2018,29765834,1,29786340
2018,29765833,1,29787543
2018,29765866,1,29786367
2018,29771873,1,29792330
2018,29767146,1,29787599
2018,29767162,3,29787616
2018,29765920,1,29786406
2018,29767248,1,29787703
2018,29767252,1,29786427
2018,29765937,1,29792405
2018,29767268,1,29787720
2018,29765945,1,29792418
2018,29767297,1,29786456
2018,29765970,1,29787767
2018,29767321,1,29792442
2018,29766004,1,29786505
2018,29767406,1,29787846
2018,29772035,1,29792504
2018,30042065,1,30062551
2018,30037033,1,30057498
2018,30031836,1,30052360
2018,30042095,1,30057500
2018,30042104,1,30062587
2018,29767040,1,29787487
2018,29771837,1,29792293
2018,29771845,1,29787551
2018,29771864,1,29787580
2018,29765884,1,29786381
2018,29765886,1,29792347
2018,29765890,1,29792352
2018,29767181,1,29787635
2018,29771898,1,29792360
2018,29765900,1,29786396
2018,29765902,1,29786397
2018,29765901,1,29792362
2018,29767209,1,29792373
2018,29767220,1,29786409
2018,29767289,1,29786449
2018,29767287,1,29787730
2018,29771965,1,29792432
2018,29765962,1,29786465
2018,29765966,1,29787755
2018,29767345,1,29786484
2018,29767346,1,29787788
2018,29772003,1,29792474
2018,29767353,1,29787797
2018,29767367,1,29787807
2018,29766010,1,29786510
2018,29766026,1,29792499
2018,29772043,1,29792511
2018,29766045,1,29786537
2018,29766053,1,29786546
2018,29767475,1,29787926
2018,30037021,1,30052350
2018,30042102,1,30062586
2018,30037055,1,30057525
2018,30042123,1,30052380
2018,30042124,1,30062607
2018,30042153,1,30062635
2018,30047094,1,30067566
2018,30031886,1,30052405
2018,30047114,1,30067588
2018,30047115,1,30062651
2018,30031926,1,30052441
2018,30047176,1,30062694
2018,30047181,1,30067669
2018,30047192,1,30052460
2018,30031966,1,30067696
2018,30042259,1,30062742
2018,30047250,1,30067743
2018,30047275,1,30067767
2018,30047277,1,30052507
2018,30037015,1,30057483
2018,30031822,1,30052342
2018,30037023,1,30057491
2018,30042107,1,30062591
2018,30037058,1,30057527
2018,30042140,1,30062624
2018,30042145,1,30062629
2018,30031881,1,30067563
2018,30042159,1,30062639
2018,30042185,1,30067614
2018,30047155,1,30067633
2018,30042217,1,30062695
2018,30047179,1,30062701
2018,30031947,1,30062703
2018,30047196,1,30067684
2018,30047195,1,30052466
2018,30031967,1,30067697
2018,30047209,1,30052474
2018,30047241,1,30067733
2018,30047262,1,30067754
2018,30042272,1,30067759
2018,30042281,1,30067773
2018,30031820,1,30052339
2018,30042091,1,30062575
2018,30037028,1,30062574
2018,30037030,1,30057496
2018,30031843,1,30052367
2018,30042120,1,30062603
2018,30031858,1,30052379
2018,30042134,1,30062617
2018,30031870,1,30052395
2018,30042151,1,30067562
2018,30047101,1,30067579
2018,30047106,1,30067582
2018,30031897,1,30062647
2018,30031899,1,30062649
2018,30042166,1,30052416
2018,30031898,1,30052415
2018,30047142,1,30052433
2018,30031933,1,30062683
2018,30042214,1,30062691
2018,30042239,1,30067692
2018,30042248,1,30062727
2018,30032001,1,30067755
2018,29765793,1,29786291
2018,29761786,1,29782243
2018,29761787,1,29782244
2018,29765821,1,29786327
2018,29771833,1,29792288
2018,29767090,1,29786335
2018,29771832,7,29787540
2018,29767095,1,29786339
2018,29767098,1,29787545
2018,29767308,1,29787750
2018,29767338,1,29786479
2018,29767079,1,29786326
2018,29771828,1,29787535
2018,29767126,1,29787578
2018,29767179,1,29787633
2018,29771897,1,29787644
2018,29765903,1,29786398
2018,29767199,1,29787651
2018,29767249,1,29792403
2018,29767253,1,29786426
2018,29767257,1,29792404
2018,29771957,1,29792423
2018,29765953,1,29786454
2018,29765961,1,29792437
2018,29765981,1,29792465
2018,29766007,1,29792487
2018,29766032,1,29786528
2018,29767440,1,29786541
2018,30031835,1,30057497
2018,30031834,2,30052356
2018,30037035,1,30062582
2018,30037044,1,30052368
2018,30042133,1,30062615
2018,30042132,1,30062614
2018,30031891,1,30067574
2018,30042168,1,30052417
2018,30047184,1,30067674
2018,30042230,1,30067682
2018,30047198,1,30067685
2018,30031978,3,30067720
2018,30042255,1,30062736
2018,30032008,8,30052506
2018,30042283,1,30062764
2018,30514801,1,30526200
2018,30510530,1,30521199
2018,30514816,1,30516785
2018,30510559,1,30516790
2018,30510577,4,30521241
2018,30510593,1,30521261
2018,30510667,1,30516883
2018,30514920,1,30526377
2018,30520108,1,30526376
2018,30514921,1,30521339
2018,30520126,1,30526392
2018,30520153,1,30526415
2018,30520154,1,30526416
2018,30510715,1,30516927
2018,30514956,1,30526431
2018,30514961,1,30516944
2018,30510750,1,30516966
2018,30510751,1,30516967
2018,30515006,1,30521437
2018,30515043,1,30521472
2018,30515063,1,30521499
2018,30515061,1,30521497
2018,30510855,1,30517067
2018,30520348,1,30517082
2018,30510868,1,30526600
2018,30515086,1,30521525
2018,30515085,1,30526604
2018,30515087,1,30521527
2018,30520356,1,30526606
2018,30515094,1,30517089
2018,30510880,1,30517096
2018,30515102,1,30526618
2018,30515103,1,30526619
2018,30520382,1,30517112
2018,30510900,1,30517121
2018,30510902,1,30521560
2018,30520395,1,30526645
2018,30515137,1,30521572
2018,30515142,1,30521576
2018,30510928,1,30517144
2018,30520414,1,30521593
2018,30515156,1,30521594
2018,30515158,1,30526672
2018,30510935,1,30521597
2018,30515163,1,30521598
2018,30515164,7,30521600
2018,30511216,1,30526952
2018,30515172,1,30517160
2018,30511242,1,30526983
2018,30510952,1,30526691
2018,30520440,1,30521618
2018,30515185,1,30521625
2018,30515190,1,30521629
2018,30520456,1,30526705
2018,30510967,1,30517187
2018,30510968,1,30521636
2018,30510970,1,30517190
2018,30515201,1,30521642
2018,30515199,1,30517194
2018,30515200,1,30526708
2018,30510977,1,30517197
2018,30510976,1,30517196
2018,30510979,1,30526713
2018,30515206,1,30517199
2018,30515222,1,30521660
2018,30515226,1,30526725
2018,30510995,1,30526728
2018,30515231,1,30521668
2018,30520489,1,30521669
2018,30520495,1,30521674
2018,30520510,1,30526759
2018,30515247,1,30521684
2018,30515251,1,30517237
2018,30515250,1,30521688
2018,30520515,1,30517239
2018,30511018,1,30526766
2018,30515255,1,30521691
2018,30511028,1,30521693
2018,30511029,1,30517251
2018,30515260,1,30517259
2018,30511034,1,30517264
2018,30511033,1,30526773
2018,30520531,1,30526775
2018,30520539,1,30526787
2018,30511046,1,30517270
2018,30520541,1,30521706
2018,30515270,7,30526790
2018,30511051,1,30517274
2018,30511052,1,30517275
2018,30511053,1,30526794
2018,30511054,1,30526795
2018,30511058,1,30526800
2018,30511060,1,30517280
2018,30520560,1,30521717
2018,30515276,1,30521718
2018,30511067,1,30517285
2018,30515278,1,30526809
2018,30515279,1,30517286
2018,29420027,1,29448746
2018,29429059,1,29453869
2018,29420030,1,29453868
2018,29420038,1,29448755
2018,29429074,1,29457757
2018,29420069,1,29453903
2018,29429097,1,29457784
2018,29420101,1,29453931
2018,29420120,1,29453954
2018,29429138,1,29457822
2018,29429141,1,29457825
2018,29424883,1,29457852
2018,30515284,1,30521724
2018,30515287,8,30521728
2018,30515288,1,30521729
2018,30515290,1,30521732
2018,30511075,1,30526823
2018,30515289,1,30521731
2018,30511078,1,30526826
2018,30515293,1,30521736
2018,30515295,1,30517298
2018,30515298,1,30526834
2018,30515299,1,30521742
2018,30520585,1,30526835
2018,30515301,1,30521744
2018,30520591,1,30526840
2018,30515303,1,30521746
2018,30511099,1,30517313
2018,30515310,22,30521752
2018,30520601,7,30526852
2018,30511109,1,30526859
2018,30511112,1,30526863
2018,30515323,7,30521763
2018,30511114,1,30517328
2018,30520614,1,30521764
2018,30520613,1,30526867
2018,30520612,1,30517327
2018,30515324,1,30521765
2018,30511118,1,30526871
2018,30515326,1,30521768
2018,30520620,1,30526873
2018,30515330,1,30526874
2018,30520622,1,30517335
2018,30515333,3,30517338
2018,30511125,1,30526881
2018,30515341,1,30521776
2018,30520632,1,30526884
2018,30511130,1,30526886
2018,30520636,7,30517352
2018,30520637,1,30517353
2018,30515351,1,30526894
2018,30520638,1,30526892
2018,30511142,1,30521789
2018,30515357,1,30521790
2018,30515359,1,30517363
2018,30515360,1,30517364
2018,30515362,1,30521793
2018,30520644,1,30526901
2018,30515361,1,30521792
2018,30511147,1,30517367
2018,30511149,1,30521796
2018,30515368,1,30521795
2018,30520645,1,30526904
2018,30520647,1,30526906
2018,30520646,1,30526905
2018,30520649,1,30526908
2018,30511148,1,30517370
2018,30515376,1,30521805
2018,30515380,2,30521811
2018,30520655,1,30526915
2018,30511161,1,30517378
2018,30511165,1,30521815
2018,30515384,1,30517381
2018,30511164,1,30526917
2018,30520657,1,30526918
2018,30520671,1,30526933
2018,30511193,1,30526937
2018,30515423,1,30521855
2018,30515459,1,30526987
2018,30520727,1,30521887
2018,30515466,1,30521888
2018,30520729,1,30526994
2018,30515468,1,30526998
2018,30511265,1,30517486
2018,30520736,1,30521898
2018,30520739,1,30521905
2018,30515482,1,30527005
2018,30511270,1,30517490
2018,30511274,1,30521913
2018,30520750,1,30527015
2018,30511287,1,30527018
2018,30520759,1,30527025
2018,30515507,1,30517518
2018,30511303,1,30521935
2018,30511302,1,30517523
2018,30511305,1,30521937
2018,33810751,1,33808398
2018,33810757,1,33799695
2018,33819536,1,33799699
2018,33807817,1,33808413
2018,33819546,1,33799711
2018,33819551,1,33799717
2018,33810770,1,33799716
2018,33810780,1,33804066
2018,33807822,1,33799727
2018,33810783,1,33804067
2018,33810786,1,33808437
2018,33819569,1,33804073
2018,33810799,1,33808445
2018,33819609,1,33808469
2018,33810828,1,33799785
2018,33819626,1,33808479
2018,33819632,1,33799798
2018,33807876,1,33808496
2018,33810849,1,33808499
2018,30514776,1,30521170
2018,30514778,1,30521172
2018,30519915,1,30526177
2018,30510508,1,30521174
2018,30514782,1,30521178
2018,30519919,7,30516758
2018,30514784,1,30521180
2018,30514785,1,30526184
2018,30510514,8,30526187
2018,30519920,2,30526186
2018,30510523,1,30516762
2018,30514798,1,30516763
2018,30519926,1,30526195
2018,30510526,1,30521197
2018,30510536,1,30521203
2018,30510535,1,30526206
2018,34115499,1,34090953
2018,34115500,1,34090954
2018,30519927,1,30521196
2018,30514799,1,30526197
2018,34115501,1,34090955
2018,30510533,1,30516767
2018,30510531,1,30526204
2018,30514808,1,30521206
2018,30510542,1,30516776
2018,30510543,1,30526209
2018,34115503,1,34090957
2018,30519939,1,30516777
2018,34115504,1,34090958
2018,30510546,1,30516779
2018,30510547,1,30526213
2018,30510551,1,30516784
2018,30519947,1,30526216
2018,30510550,1,30516783
2018,30510552,1,30526218
2018,34115505,1,34090959
2018,30519955,1,30526224
2018,30519952,1,30526223
2018,30519958,1,30521221
2018,30519956,1,30526225
2018,30510555,1,30516787
2018,30510556,1,30521222
2018,34115511,1,34090965
2018,34115512,1,34090966
2018,30514820,1,30516789
2018,30519963,1,30526232
2018,30510561,1,30526234
2018,30519965,1,30521229
2018,30510563,1,30521230
2018,30514822,1,30516791
2018,30514823,1,30516794
2018,30519969,1,30526236
2018,30514824,1,30516796
2018,30510566,1,30526238
2018,30519973,1,30526240
2018,30514825,1,30516799
2018,30514826,1,30521232
2018,30514830,1,30521237
2018,30510570,1,30521234
2018,30510573,1,30526249
2018,30519981,1,30521238
2018,30514831,1,30521239
2018,30514832,1,30526252
2018,30510578,1,30526255
2018,30519987,1,30526261
2018,30514841,1,30526262
2018,30514839,1,30516805
2018,30519988,7,30521246
2018,30510580,1,30526260
2018,30510581,1,30521248
2018,30510583,1,30521249
2018,30514844,1,30521251
2018,30510586,1,30516809
2018,30519993,1,30526266
2018,30519994,1,30526267
2018,30510587,1,30526268
2018,30519992,1,30516810
2018,34115516,1,34090970
2018,34115521,1,34090975
2018,34115522,1,34090976
2018,30514853,1,30526271
2018,30520000,1,30526275
2018,30510594,1,30516816
2018,30520001,1,30526276
2018,30520005,1,30526280
2018,30510604,1,30521267
2018,30520006,1,30526281
2018,30520007,1,30521268
2018,34115523,1,34090977
2018,30510607,1,30526283
2018,30514858,1,30516825
2018,30510611,1,30516829
2018,30520014,1,30526290
2018,34115536,1,34090990
2018,34115537,1,34090991
2018,34115540,1,34090994
2018,34115541,1,34090995
2018,30520022,1,30526298
2018,30520024,1,30526300
2018,30520028,1,30521284
2018,30520029,1,30516848
2018,30511432,1,30527117
2018,30510635,1,30516853
2018,30510637,1,30526311
2018,30520040,1,30526313
2018,30515170,1,30521607
2018,30520041,1,30516858
2018,30520043,1,30516860
2018,30520051,1,30526319
2018,30510646,1,30521299
2018,30520054,1,30521300
2018,30520055,1,30526322
2018,30520438,1,30526693
2018,30514891,1,30526335
2018,30520065,1,30526336
2018,30510658,5,30516874
2018,30510659,1,30521312
2018,30520067,1,30516876
2018,30520457,1,30517186
2018,30510982,1,30517203
2018,30510662,1,30526346
2018,30510663,1,30521318
2018,30520080,1,30526351
2018,30514908,1,30526352
2018,30510668,1,30526353
2018,30514909,1,30521326
2018,30520088,1,30516892
2018,30520092,1,30526363
2018,30514914,3,30521333
2018,30520094,1,30526365
2018,30520096,1,30526367
2018,30514915,1,30521335
2018,30510679,1,30526369
2018,30520103,1,30516898
2018,30510681,1,30526372
2018,30510683,7,30516901
2018,30520109,1,30516902
2018,30510684,1,30526378
2018,30510686,1,30521341
2018,30510687,1,30516903
2018,30520112,1,30526381
2018,30520114,1,30521343
2018,30520118,1,30526389
2018,30510695,1,30516911
2018,30510696,1,30516914
2018,30511066,1,30526808
2018,30520131,1,30526398
2018,30510700,1,30516918
2018,30520136,1,30521353
2018,30520135,1,30526403
2018,30520133,1,30526401
2018,30510701,1,30516919
2018,30520137,1,30526404
2018,30514935,1,30521355
2018,30510702,1,30521357
2018,30510703,7,30521358
2018,30510706,1,30521359
2018,30520146,1,30516924
2018,30510711,1,30521366
2018,30520866,1,30527133
2018,30511443,7,30517667
2018,30510720,1,30516930
2018,30520880,8,30517679
2018,30520162,1,30526427
2018,30514953,1,30521381
2018,30514954,1,30526429
2018,30514958,1,30526436
2018,30511040,1,30526786
2018,30511042,1,30517268
2018,30510731,1,30521390
2018,30510729,1,30521388
2018,30514967,1,30521394
2018,30514966,1,30521393
2018,30514965,1,30526442
2018,30520183,1,30516952
2018,30520184,1,30526445
2018,30514974,1,30526450
2018,30510739,1,30516955
2018,30510741,1,30526454
2018,30510743,1,30516958
2018,30510747,1,30516963
2018,30510748,1,30516964
2018,30510749,1,30526458
2018,30514982,1,30521409
2018,30514983,1,30521412
2018,30510755,1,30516969
2018,30520201,1,30521413
2018,30514984,1,30521414
2018,30510757,1,30526464
2018,30514988,1,30516974
2018,30520207,1,30526469
2018,30510762,1,30526473
2018,30510763,1,30516976
2018,30510764,1,30516977
2018,30510766,1,30516979
2018,30514994,1,30521427
2018,30515000,1,30521433
2018,30515001,1,30521432
2018,30520236,1,30526496
2018,30520248,1,30526510
2018,30520255,7,30521448
2018,30520259,1,30521449
2018,30510801,1,30526529
2018,30520263,1,30517010
2018,30520265,1,30521455
2018,30515025,1,30526532
2018,30520266,1,30526533
2018,30510806,1,30517013
2018,30515026,1,30521457
2018,30510807,1,30517014
2018,30520270,1,30526537
2018,30510812,1,30526539
2018,30515029,1,30521461
2018,30515033,1,30517022
2018,30520279,1,30517025
2018,30510820,1,30521470
2018,30520288,1,30526554
2018,30510822,1,30517033
2018,30510828,1,30517036
2018,30510829,1,30517037
2018,30515047,1,30517038
2018,30510830,1,30517039
2018,30520299,1,30517042
2018,30510832,1,30517043
2018,30520301,1,30517045
2018,30520302,1,30526564
2018,30515051,1,30517050
2018,30510836,1,30517048
2018,30520306,1,30517049
2018,30510835,1,30517047
2018,30520303,1,30526565
2018,30520304,1,30526566
2018,30510837,1,30521481
2018,30520305,1,30526567
2018,30510839,2,30526570
2018,30515052,1,30517052
2018,30515053,1,30521482
2018,30520309,1,30521484
2018,30510842,1,30517054
2018,30520310,1,30521485
2018,30510841,1,30517053
2018,30520311,7,30526573
2018,30520313,1,30526574
2018,30515058,1,30521490
2018,30510844,1,30521491
2018,30515057,1,30521489
2018,30520315,1,30526576
2018,30520316,1,30521493
2018,30510849,1,30517061
2018,30520319,2,30521496
2018,30515067,1,30526581
2018,30515066,1,30521503
2018,30520337,1,30517072
2018,30510862,1,30517075
2018,30510861,1,30517074
2018,30520338,1,30526590
2018,30510860,1,30517073
2018,30520339,1,30521516
2018,30520341,1,30526593
2018,30510867,1,30526595
2018,30515080,1,30521519
2018,33810844,1,33808492
2018,33810842,1,33804108
2018,33807886,1,33804122
2018,33810858,1,33804127
2018,33810870,1,33808524
2018,33819685,1,33804132
2018,33807902,1,33799863
2018,33810891,1,33808548
2018,33810907,1,33808567
2018,30510538,1,30516769
2018,30519945,1,30526215
2018,30519954,1,30521219
2018,30510554,1,30516786
2018,30514828,1,30526245
2018,30510582,1,30526263
2018,30510634,1,30516852
2018,30510638,1,30516856
2018,30520045,1,30516861
2018,30514885,1,30526325
2018,30520058,1,30526327
2018,30520104,1,30516899
2018,30520107,1,30526375
2018,30514919,1,30521338
2018,30514925,1,30521345
2018,30520120,1,30516913
2018,30520145,1,30526411
2018,30510716,1,30521375
2018,30514952,1,30521380
2018,30510771,1,30521422
2018,30515010,1,30521446
2018,30520258,1,30526522
2018,30515016,1,30517006
2018,30510810,1,30517017
2018,30515049,1,30521479
2018,30520321,1,30526578
2018,30520327,1,30526583
2018,30520335,1,30521512
2018,30510856,1,30521513
2018,30515071,1,30521511
2018,30520336,1,30526589
2018,30510864,1,30517078
2018,30510866,1,30517079
2018,30515081,1,30517083
2018,30515083,1,30521523
2018,30510869,1,30517085
2018,30510872,1,30517088
2018,30515093,1,30521533
2018,30515097,1,30521538
2018,30510875,1,30517091
2018,30510876,1,30517092
2018,30520361,1,30521539
2018,30510874,1,30517090
2018,30520363,1,30526609
2018,30515100,1,30521542
2018,30510882,1,30526622
2018,30520371,1,30526621
2018,30510883,1,30521544
2018,33819772,1,33809933
2018,30520370,1,30517097
2018,30515110,1,30521550
2018,30520374,1,30526626
2018,30520376,1,30526628
2018,30520379,1,30517111
2018,30510898,1,30517117
2018,30520387,1,30526637
2018,30520388,1,30521557
2018,30520392,1,30517124
2018,30510904,1,30521564
2018,30510907,1,30521567
2018,30520400,1,30526651
2018,30520401,1,30517130
2018,30510912,1,30517129
2018,30520405,1,30526657
2018,30510913,1,30521573
2018,30515139,1,30521574
2018,30510914,1,30517131
2018,30520407,1,30526660
2018,30520409,1,30517133
2018,30515143,1,30521577
2018,30515147,7,30521585
2018,30520411,1,30517139
2018,33807967,1,33804198
2018,30515152,1,30521589
2018,33807966,1,33804197
2018,30510930,1,30517146
2018,30510931,1,30526670
2018,33807968,1,33804199
2018,30510932,1,30521596
2018,30520419,1,30526677
2018,30510938,1,30517152
2018,30520421,1,30526679
2018,30515166,1,30526680
2018,30520423,1,30526681
2018,30510940,1,30517154
2018,30520428,1,30521604
2018,30510944,1,30517159
2018,30515173,1,30526687
2018,30510946,1,30521612
2018,30515177,1,30521613
2018,30520434,1,30526690
2018,30510951,1,30517167
2018,30520435,1,30517168
2018,30520436,1,30521614
2018,30520437,1,30521615
2018,33810972,3,33809971
2018,33810973,1,33808640
2018,33819813,1,33809972
2018,30520447,1,30526700
2018,30515184,1,30521624
2018,30515187,1,30521627
2018,30520449,1,30526701
2018,30520450,1,30517178
2018,30520453,1,30526703
2018,30520458,1,30521634
2018,34378003,1,34394953
2018,34378002,1,34394952
2018,33819545,1,33799710
2018,33819554,1,33799714
2018,33819567,1,33804071
2018,33807828,1,33799728
2018,33807829,1,33804072
2018,33810790,1,33804074
2018,33810803,1,33808449
2018,34107168,7,34082667
2018,34107170,1,34082669
2018,34107169,1,34082668
2018,34107171,1,34082670
2018,34107172,1,34082671
2018,34107173,1,34082672
2018,34107182,1,34082681
2018,34107183,1,34082682
2018,34107186,1,34082685
2018,34107174,1,34082673
2018,34107177,1,34082676
2018,34107178,1,34082677
2018,34107179,1,34082678
2018,34107185,1,34082684
2018,34107151,1,34082650
2018,34107152,1,34082651
2018,34107153,1,34082652
2018,33807840,1,33799755
2018,33819639,1,33799807
2018,33810853,1,33804119
2018,33810860,1,33808508
2018,33807888,1,33804128
2018,33819670,1,33808512
2018,33819669,1,33799837
2018,33810862,1,33808511
2018,33810863,1,33808513
2018,33820233,1,33809043
2018,33820303,1,33804532
2018,33808321,1,33804546
2018,33808323,1,33810477
2018,33811502,1,33804582
2018,33808370,1,33804592
2018,33811558,1,33809240
2018,33811756,1,33804787
2018,33820714,1,33810874
2018,33807815,1,33804058
2018,33810926,1,33799904
2018,33819995,8,33810160
2018,33807836,1,33804082
2018,33810801,1,33808448
2018,33807835,1,33804081
2018,33819583,1,33799747
2018,33819834,1,33809990
2018,33811370,1,33810393
2018,33820248,1,33810414
2018,33820247,1,33810413
2018,33808277,1,33804512
2018,33820263,1,33804511
2018,33808398,1,33804619
2018,33808397,1,33809230
2018,33811667,1,33810685
2018,33819559,1,33799720
2018,33807883,1,33799830
2018,33819689,1,33808530
2018,33819888,1,33810038
2018,33811367,1,33810389
2018,33811365,1,33809021
2018,33820217,1,33809020
2018,33811364,1,33809019
2018,33820338,1,33809150
2018,33811765,1,33810788
2018,33819624,1,33799791
2018,33808574,1,33804786
2018,33811857,1,33809557
2018,33811856,1,33809556
2018,33819544,1,33799708
2018,33810774,1,33799722
2018,33819879,1,33808710
2018,33811042,1,33808709
2018,33811376,1,33809037
2018,33820231,1,33809038
2018,33820280,1,33810440
2018,33811421,1,33809086
2018,33808303,1,33809101
2018,33820426,1,33810580
2018,33808433,1,33809267
2018,33807820,1,33804064
2018,33810813,1,33808459
2018,33819645,1,33799815
2018,33819646,1,33804105
2018,33810916,1,33808572
2018,33811039,1,33808706
2018,33811146,1,33810162
2018,33808231,1,33804465
2018,33811446,1,33809122
2018,33820357,1,33810511
2018,33820370,1,33810524
2018,33812068,1,33809767
2018,33807988,1,33804225
2018,33820209,1,33809015
2018,33820243,1,33804497
2018,33820327,1,33810486
2018,33808461,1,33804684
2018,33811755,1,33804784
2018,33808590,1,33804801
2018,33810866,1,33808517
2018,33819625,1,33804097
2018,33819710,1,33804151
2018,33819884,1,33808714
2018,33811204,1,33808881
2018,33811351,1,33810369
2018,33808286,1,33804519
2018,33811433,7,33810463
2018,33811632,1,33809306
2018,33811661,1,33810680
2018,33808564,1,33809434
2018,33810905,1,33808564
2018,33807955,1,33804187
2018,33807954,1,33808620
2018,33808267,1,33804495
2018,33811828,1,33809515
2018,33819750,1,33799911
2018,33819762,1,33808597
2018,33811388,1,33804492
2018,33820287,1,33809090
2018,33820429,1,33809241
2018,33820452,1,33804651
2018,33820574,1,33809386
2018,33810877,1,33808531
2018,33819747,1,33808588
2018,33810928,1,33799905
2018,33819662,1,33808500
2018,33807993,1,33808704
2018,33820121,1,33804389
2018,33811306,1,33808967
2018,33820186,1,33804447
2018,33820197,1,33804457
2018,33811363,1,33804473
2018,33808384,1,33809213
2018,33820436,1,33810592
2018,33820437,1,33810593
2018,33808416,1,33804637
2018,33808554,1,33804765
2018,33808585,1,33810785
2018,33819993,1,33810157
2018,33811145,1,33808820
2018,33808244,1,33804475
2018,33811366,1,33809022
2018,33808243,1,33809023
2018,33811416,1,33804515
2018,33808278,1,33809077
2018,33808279,1,33804514
2018,33820401,1,33810557
2018,33811571,1,33810598
2018,33810925,1,33799903
2018,33807949,1,33809932
2018,33810956,1,33808622
2018,33807958,1,33804190
2018,33810965,1,33808635
2018,33820000,1,33810165
2018,33820178,1,33810345
2018,33811324,1,33804443
2018,33808228,1,33804463
2018,33820205,1,33809012
2018,33820219,1,33810390
2018,33808334,1,33804556
2018,33820384,1,33810539
2018,33820385,1,33810540
2018,33820478,1,33810643
2018,33820612,1,33809430
2018,34107155,1,34082654
2018,34115530,1,34090984
2018,34115529,1,34090983
2018,34115528,1,34090982
2018,34115539,1,34090993
2018,34115535,1,34090989
2018,34115533,1,34090987
2018,34115534,1,34090988
2018,34115538,1,34090992
2018,34115543,1,34090997
2018,35321937,1,35616325
2018,35312626,1,35603935
2018,33807810,1,33799696
2018,33807816,1,33808411
2018,33810875,1,33808529
2018,33819808,1,33809964
2018,33810984,1,33808653
2018,33819833,1,33808671
2018,33811009,7,33808679
2018,33811216,1,33808890
2018,33820068,1,33808891
2018,33820095,1,33804373
2018,33808517,1,33810721
2018,33811742,1,33809426
2018,33808661,1,33804863
2018,33811860,1,33804864
2018,33820265,1,33809078
2018,33820324,1,33810483
2018,33810765,1,33808416
2018,33810782,1,33808430
2018,33807821,1,33808431
2018,33807824,1,33808434
2018,33807852,1,33804096
2018,33810902,1,33804157
2018,33810943,1,33808604
2018,33807943,1,33804178
2018,33808105,1,33804325
2018,33820048,1,33804347
2018,33811199,1,33808873
2018,33808259,1,33804486
2018,33808308,1,33809107
2018,33820402,1,33804603
2018,33808385,1,33804604
2018,33820586,1,33810745
2018,34301475,1,34289949
2018,34301520,1,34289994
2018,34301519,1,34289993
2018,34301533,1,34290007
2018,34301534,1,34290008
2018,34301535,1,34290009
2018,34301536,1,34290010
2018,33811759,1,33809441
2018,33820630,1,33804820
2018,33808609,1,33810794
2018,33810903,1,33808561
2018,33810904,1,33808562
2018,33819854,1,33804218
2018,33808008,1,33804244
2018,33819556,1,33804062
2018,33819564,1,33799726
2018,33819635,1,33799801
2018,33819633,1,33804098
2018,33819634,1,33804099
2018,33810837,1,33799812
2018,33819654,1,33799824
2018,33807880,1,33804116
2018,33808287,1,33804520
2018,33811495,1,33809176
2018,33811577,1,33810605
2018,33812051,1,33809756
2018,33811092,1,33808768
2018,33811091,1,33810108
2018,33819519,1,33808388
2018,33819553,1,33808420
2018,33807847,1,33804095
2018,33807872,1,33804112
2018,33810974,1,33808641
2018,33811297,1,33808961
2018,33808210,1,33810342
2018,33808376,1,33809207
2018,33808478,1,33804694
2018,33810788,1,33808438
2018,33810855,1,33808504
2018,33807901,2,33804144
2018,33819709,1,33799869
2018,33819742,1,33799901
2018,33819795,1,33809952
2018,33819801,1,33809958
2018,33811403,1,33810419
2018,33808296,1,33809094
2018,33811751,1,33809436
2018,33808154,1,33804382
2018,33808188,1,33804422
2018,33808441,1,33804666
2018,33820467,1,33809276
2018,33820594,1,33810755
2018,33820595,1,33809411
2018,33808355,1,33804579
2018,33811470,1,33809152
2018,33820550,1,33809361
2018,33811693,1,33804737
2018,33810771,1,33799718
2018,33810781,1,33799724
2018,33810834,1,33799802
2018,33819657,1,33804117
2018,33819700,1,33799857
2018,33819698,1,33804143
2018,33819731,1,33808578
2018,33819783,1,33809940
2018,33819784,1,33809941
2018,33811329,1,33810347
2018,33820221,1,33804477
2018,33820295,1,33809095
2018,33820296,1,33809096
2018,33811426,1,33810456
2018,33808350,1,33809166
2018,33808549,1,33810756
2018,33820690,1,33810855
2018,33808764,1,33814958
2018,33820554,7,33804732
2018,33808522,1,33810727
2018,33820611,1,33810777
2018,33808149,1,33810257
2018,33808214,1,33810353
2018,33808215,1,33804448
2018,33811645,1,33810664
2018,33808483,1,33804697
2018,33820510,1,33810688
2018,33820719,7,33810877
2018,33820719,6,33809555
2018,33807909,1,33804150
2018,33807908,1,33804149
2018,33808123,1,33808867
2018,33820044,1,33810210
2018,33811198,1,33808871
2018,33820045,1,33810211
2018,30031803,1,30052327
2018,30031856,1,30052378
2018,30037071,1,30057537
2018,30042160,1,30067578
2018,30047170,1,30067652
2018,30047173,6,30052453
2018,30042216,1,30062693
2018,30047202,1,30052470
2018,30047205,1,30067690
2018,30042121,1,30062604
2018,30037066,1,30057533
2018,30031864,1,30062612
2018,30037067,1,30052388
2018,30037069,1,30057535
2018,30031816,1,30062555
2018,30042069,1,30062554
2018,30037017,1,30052345
2018,30042086,1,30062567
2018,30037024,1,30057493
2018,30042129,1,30052389
2018,30047089,1,30057556
2018,30047099,1,30052406
2018,30042219,1,30067662
2018,30047204,1,30052471
2018,30031977,1,30052480
2018,30042263,1,30067741
2018,30037003,1,30057470
2018,30042087,8,30057492
2018,30037045,1,30057511
2018,30037059,1,30062609
2018,30037077,1,30057543
2018,30037076,1,30057542
2018,30042156,1,30062638
2018,30042179,1,30067604
2018,30047136,1,30067612
2018,30047171,1,30062686
2018,30042224,1,30062702
2018,30031948,1,30052456
2018,30047193,1,30062709
2018,30047213,1,30062722
2018,30042250,1,30067719
2018,30047236,1,30067729
2018,30047265,1,30067757
2018,30032010,1,30062763
2018,30031811,1,30057480
2018,30031814,1,30052336
2018,30042110,1,30057516
2018,30031883,1,30062634
2018,30042155,1,30067575
2018,30042178,1,30062659
2018,30047135,1,30067611
2018,30047140,1,30067618
2018,30047182,1,30067672
2018,30047206,1,30067691
2018,30047221,1,30067713
2018,30047249,1,30067742
2018,30031995,1,30052494
2018,30042278,1,30052505
2018,30042279,1,30062761
2018,30031827,1,30052352
2018,30042116,1,30062598
2018,30032005,1,30052504
2018,34115471,1,34090925
2018,34115633,1,34091087
2018,34115495,1,34090949
2018,34115496,1,34090950
2018,34115497,1,34090951
2018,34111125,1,34094946
2018,33810761,1,33804059
2018,33811357,1,33804460
2018,33820238,1,33810408
2018,33808275,1,33810424
2018,33811447,1,33809123
2018,33811542,1,33809223
2018,33820413,1,33810570
2018,33811643,1,33809319
2018,33820527,1,33810699
2018,33808497,1,33809348
2018,34111121,1,34094942
2018,34575952,1,34921460
2018,33819509,1,33804050
2018,33807863,1,33799806
2018,33819532,1,33799698
2018,33807812,1,33804054
2018,33807825,1,33808435
2018,33810792,1,33799738
2018,33810859,1,33808507
2018,33819534,1,33808408
2018,33810758,1,33804055
2018,33810769,1,33799715
2018,33807818,1,33799721
2018,33819563,1,33808432
2018,33819612,1,33799777
2018,33819664,1,33799834
2018,33819804,1,33809960
2018,33810990,1,33808659
2018,33807976,1,33804207
2018,33808451,1,33809286
2018,33811672,1,33809345
2018,33819575,1,33799740
2018,33819584,1,33804084
2018,33810802,1,33804083
2018,33819595,1,33799760
2018,33819712,1,33804153
2018,33820109,1,33804385
2018,33808258,1,33804485
2018,33808256,1,33810400
2018,33811504,1,33810535
2018,33820499,1,33810670
2018,33811752,1,33809437
2018,33808022,1,33804258
2018,33819996,1,33804317
2018,33819997,1,33808822
2018,33820222,1,33809027
2018,33811405,1,33804503
2018,33811453,1,33810481
2018,33808348,1,33804574
2018,33808363,1,33809189
2018,33820389,1,33804595
2018,33808490,1,33809338
2018,33819665,8,33804124
2018,33808182,1,33804414
2018,33808183,1,33804415
2018,33820273,1,33804518
2018,33819512,1,33808375
2018,33810848,1,33799826
2018,33819656,1,33799827
2018,33807928,1,33799897
2018,33819740,1,33804168
2018,33811005,1,33808674
2018,33811014,1,33804212
2018,33811022,1,33810005
2018,33819860,1,33804222
2018,33819902,1,33810052
2018,33819904,1,33810053
2018,33820092,1,33810250
2018,33811312,1,33810331
2018,33820211,1,33810380
2018,33820271,1,33810431
2018,33808290,1,33804523
2018,33811490,1,33804575
2018,33820366,1,33804577
2018,33808380,1,33804599
2018,33811534,1,33810560
2018,33811590,1,33804659
2018,33808512,1,33809363
2018,33810729,1,33808372
2018,33819542,1,33799705
2018,33807927,1,33799896
2018,33810964,1,33808634
2018,33808147,1,33804376
2018,33808239,1,33804470
2018,33820258,1,33809069
2018,33820257,1,33810420
2018,33820465,1,33810625
2018,33807911,1,33799872
2018,33819850,1,33804213
2018,33811026,1,33810010
2018,33808160,1,33804391
2018,33811408,1,33804508
2018,33820347,1,33810498
2018,33820580,1,33810740
2018,34538055,1,34885924
2018,34964513,1,35329939
2018,34111122,1,34094943
2018,34555815,1,34888993
2018,34111130,1,34094951
2018,34111169,1,34094990
2018,34859606,1,35245032
2018,33810824,1,33799774
2018,33819608,1,33808468
2018,33819614,1,33799780
2018,33819819,1,33808643
2018,33808015,1,33804252
2018,33811062,1,33808732
2018,33819908,1,33810057
2018,33808315,1,33810471
2018,33811472,1,33809154
2018,33811611,1,33809283
2018,33811663,1,33810682
2018,33820623,1,33810789
2018,33810887,1,33808542
2018,33819765,1,33799923
2018,33819820,1,33809978
2018,34111131,1,34094952
2018,33819574,1,33799739
2018,33810829,1,33808478
2018,33819623,1,33799789
2018,33819508,1,33799676
2018,33810773,1,33808424
2018,33819684,1,33799849
2018,33819715,1,33808557
2018,33807914,1,33799875
2018,33807917,1,33804160
2018,33807918,1,33804161
2018,33808121,1,33808866
2018,33820054,1,33808880
2018,33820052,1,33810213
2018,33811244,1,33810260
2018,33820117,1,33810278
2018,33811422,1,33810441
2018,33820380,1,33810538
2018,33808583,1,33804796
2018,33820680,1,33809513
2018,35267779,1,35563198
2018,35267778,1,35563197
2018,33807827,1,33804070
2018,33807861,1,33804101
2018,33807860,1,33808484
2018,33819650,1,33799819
2018,33819770,7,33808606
2018,33810945,1,33808609
2018,33810963,1,33808633
2018,33810992,1,33808661
2018,33810993,1,33808662
2018,33807973,1,33804204
2018,33820619,1,33810784
2018,33820717,1,33809553
2018,33810759,1,33808410
2018,33819538,1,33799701
2018,33819607,1,33799773
2018,33819605,1,33808466
2018,33819616,1,33808476
2018,33810888,1,33799858
2018,33819706,1,33799864
2018,33819707,1,33799866
2018,33819717,1,33804156
2018,33807894,1,33804135
2018,33819541,1,33799704
2018,33807893,1,33799850
2018,33820154,1,33810313
2018,33820171,1,33810335
2018,33811413,1,33809074
2018,33808280,1,33809079
2018,33811619,1,33809294
2018,33808507,1,33804723
2018,33820540,1,33804724
2018,33811697,1,33809381
2018,33810791,1,33804075
2018,33819585,1,33799749
2018,33810999,1,33808667
2018,33811352,1,33809005
2018,33811353,1,33804458
2018,33808252,1,33804480
2018,33807887,1,33808510
2018,33807969,1,33804200
2018,33810970,1,33809969
2018,33810967,1,33809967
2018,33810983,1,33808651
2018,33810982,1,33808650
2018,33820245,1,33810411
2018,33820511,1,33810689
2018,33820712,1,33810872
2018,33820172,1,33810336
2018,33820177,1,33808978
2018,33808217,1,33808997
2018,33819811,1,33808637
2018,33810969,1,33808638
2018,33811044,1,33808711
2018,33819881,1,33810035
2018,33811049,1,33810043
2018,33808019,1,33808735
2018,33811064,1,33808736
2018,33811105,1,33808784
2018,33811201,1,33808875
2018,33811200,1,33808874
2018,33811240,1,33808911
2018,33808219,1,33804451
2018,33808270,1,33804500
2018,33820308,1,33810470
2018,33808338,1,33804562
2018,33811469,1,33809151
2018,33808344,1,33804571
2018,33811512,1,33809195
2018,33811728,1,33809415
2018,33811729,1,33809417
2018,33820617,1,33810782
2018,33811836,1,33809523
2018,33820689,1,33809521
2018,33820748,1,33810903
2018,33811868,1,33809574
2018,33811869,1,33809575
2018,33810861,1,33808509
2018,33810876,1,33799852
2018,33807895,1,33804136
2018,33819686,1,33808527
2018,33819528,1,33808401
2018,33819535,1,33808409
2018,33810923,1,33808581
2018,33810922,1,33808580
2018,33808145,1,33804374
2018,33820605,1,33810771
2018,34530643,1,34876853
2018,35267864,1,35563283
2018,29429047,1,29457736
2018,29429056,1,29448750
2018,29420041,1,29453877
2018,29420070,1,29457769
2018,29420071,1,29453905
2018,29429086,1,29457771
2018,29429087,1,29457772
2018,29420080,1,29453914
2018,29420086,1,29453916
2018,29420103,1,29453935
2018,29429111,7,29457795
2018,29424827,1,29448771
2018,29424859,1,29448807
2018,29424882,1,29448823
2018,29420232,1,29454069
2018,30510503,1,30516753
2018,30514777,1,30521171
2018,30519917,1,30516755
2018,30514780,1,30521175
2018,30514787,1,30526185
2018,30519922,1,30526188
2018,30514789,1,30521185
2018,30519923,1,30521184
2018,30510517,1,30521188
2018,30510520,1,30516761
2018,30510519,1,30521190
2018,30514797,1,30521193
2018,30514795,1,30526193
2018,30510540,1,30516770
2018,30514806,1,30516771
2018,30519941,1,30526212
2018,30519938,1,30521211
2018,30519942,1,30521214
2018,30514814,1,30521217
2018,30510553,1,30526221
2018,30519964,1,30526233
2018,30510565,1,30516797
2018,30519970,1,30526237
2018,30519977,1,30526244
2018,30510568,4,30516800
2018,30519978,1,30526246
2018,30510571,1,30521235
2018,30510572,1,30526247
2018,30519980,1,30516802
2018,30519982,1,30526250
2018,30514835,1,30521243
2018,30510579,1,30526259
2018,30514836,1,30526256
2018,30510590,1,30516813
2018,30510588,1,30516811
2018,30514848,1,30516812
2018,30519999,1,30526273
2018,30519998,1,30516814
2018,30510602,1,30516823
2018,30510601,1,30521265
2018,30514859,1,30526284
2018,30510610,1,30516827
2018,30520011,1,30526285
2018,30514863,1,30526291
2018,30510618,1,30526289
2018,30514865,1,30516835
2018,31573083,1,31612875
2018,31586680,1,31609072
2018,31581987,1,31603190
2018,31586705,1,31612899
2018,31586730,1,31612919
2018,31586809,1,31612995
2018,31582066,1,31613001
2018,31582071,1,31609132
2018,31573145,1,31609133
2018,31586819,3,31609142
2018,31573150,7,31609138
2018,31573150,3,31609140
2018,31586819,7,31609141
2018,31586824,1,31603292
2018,31573190,1,31609168
2018,31573191,1,31613061
2018,31586876,1,31613069
2018,31582110,1,31613068
2018,31586928,1,31613127
2018,31586967,1,31613167
2018,31587020,1,31613224
2018,31573255,1,31613244
2018,31582183,1,31609235
2018,31573258,1,31609238
2018,31582187,1,31609242
2018,31573262,1,31613256
2018,31573263,1,31609243
2018,31587057,1,31613259
2018,31587058,1,31613260
2018,31573283,1,31609265
2018,31587097,1,31609278
2018,29424806,1,29448743
2018,29424809,1,29457729
2018,29424822,1,29453913
2018,29429079,1,29457761
2018,29420058,1,29453892
2018,29429083,1,29457767
2018,29429098,1,29453925
2018,29420117,1,29457803
2018,29420134,1,29453969
2018,29420168,1,29457847
2018,29420171,1,29454014
2018,29420185,1,29448838
2018,29424909,1,29448853
2018,29420206,1,29448864
2018,29424947,1,29448892
2018,29424805,1,29448742
2018,29424807,1,29453863
2018,29424812,1,29448745
2018,29424817,1,29457754
2018,29429067,1,29448759
2018,29420050,1,29453883
2018,29420054,1,29453887
2018,29420059,1,29453893
2018,29429080,1,29457764
2018,29420065,1,29457765
2018,29420067,1,29453899
2018,29429085,1,29453904
2018,29420083,1,29457778
2018,29420090,1,29457781
2018,29420092,1,29453922
2018,29420111,1,29453945
2018,29429130,1,29457814
2018,29420130,1,29457816
2018,29424828,1,29448772
2018,29424837,1,29448785
2018,29424848,1,29448795
2018,29420164,1,29457841
2018,29424872,1,29457848
2018,29420177,1,29454020
2018,29420178,1,29448825
2018,29429193,1,29454032
2018,29420191,1,29448847
2018,29420192,1,29448849
2018,29429191,1,29457865
2018,29424899,1,29457867
2018,29420195,1,29454041
2018,29429200,1,29457874
2018,29424916,1,29454048
2018,29420218,1,29448882
2018,29765788,1,29782232
2018,29767039,1,29786292
2018,29761785,1,29786303
2018,29767049,1,29786304
2018,30791673,1,30798193
2018,30791681,1,30798200
2018,30795897,1,30802237
2018,30791687,1,30798210
2018,29765847,1,29787558
2018,31587300,1,31613509
2018,29771870,1,29792327
2018,29765872,1,29786373
2018,29767189,1,29787642
2018,29767196,1,29787649
2018,29771928,1,29792392
2018,29771926,1,29792390
2018,29767259,1,29787709
2018,29767318,1,29787768
2018,29771996,1,29792464
2018,29767352,1,29787795
2018,29767370,1,29787811
2018,29767381,1,29787818
2018,29767384,1,29787821
2018,29767389,1,29787828
2018,29766015,1,29787841
2018,29772030,1,29787851
2018,29767417,1,29787864
2018,29767421,1,29792509
2018,29766043,1,29792515
2018,29772058,1,29792526
2018,31582399,1,31613604
2018,31582373,2,31603582
2018,31587387,1,31613596
2018,31582403,1,31603603
2018,31582408,1,31603607
2018,31582409,1,31613614
2018,31573534,1,31609512
2018,31587535,1,31613743
2018,31573546,1,31609524
2018,31582471,1,31603678
2018,31582476,1,31603685
2018,31582481,1,31609532
2018,31587565,1,31603693
2018,31582482,1,31603694
2018,31582483,1,31603695
2018,31587576,1,31613776
2018,29765805,1,29782249
2018,29761803,1,29787513
2018,29767068,1,29792261
2018,29771809,7,29786320
2018,29771829,1,29792285
2018,29767094,1,29787542
2018,29765849,1,29792310
2018,29767117,1,29787566
2018,29767138,1,29787591
2018,29771888,1,29792346
2018,29765885,1,29787623
2018,29767205,1,29786402
2018,29767207,1,29787658
2018,29765925,1,29792382
2018,29767241,1,29786422
2018,29761784,1,29786302
2018,29767053,1,29786309
2018,29767067,1,29782258
2018,29761805,1,29792263
2018,29771811,3,29792271
2018,29767073,1,29787518
2018,29771814,1,29787520
2018,29765835,1,29786343
2018,29765841,1,29792300
2018,29765860,1,29787583
2018,29771874,1,29792331
2018,29765868,1,29792332
2018,29771877,1,29786371
2018,29767154,1,29787610
2018,29767192,1,29792361
2018,29771953,1,29792417
2018,29771958,7,29792425
2018,29767290,1,29787732
2018,29767291,1,29787733
2018,29771972,1,29787751
2018,29767317,1,29787766
2018,29771992,1,29792461
2018,29765996,1,29786491
2018,29766001,1,29787817
2018,29767380,3,29786501
2018,29767414,1,29787860
2018,29767419,1,29787866
2018,29766035,1,29787868
2018,29767420,1,29787867
2018,29767245,1,29787702
2018,29767261,1,29787711
2018,29771967,1,29792433
2018,29765976,1,29792450
2018,29767396,1,29787836
2018,29772021,1,29792492
2018,29772023,1,29792493
2018,29772032,1,29792500
2018,29766044,1,29787884
2018,29767436,1,29786536
2018,29767443,1,29787891
2018,29767482,1,29787932
2018,29765795,4,29786298
2018,29761806,1,29792264
2018,29767078,1,29792278
2018,29771830,1,29786330
2018,29771834,1,29792289
2018,29765837,1,29786344
2018,29767100,1,29787548
2018,30037001,1,30057468
2018,30037002,1,30057469
2018,30031805,1,30052329
2018,30037006,1,30057472
2018,30042063,6,30062547
2018,30031807,6,30057473
2018,30037007,6,30057474
2018,30037008,1,30062548
2018,30031809,1,30062549
2018,30042075,1,30052341
2018,30031821,1,30052340
2018,30042081,1,30057486
2018,30037018,1,30062562
2018,30031823,1,30052346
2018,30042083,1,30052347
2018,30031826,7,30052351
2018,30031830,1,30062573
2018,30042099,1,30062584
2018,30031841,1,30052364
2018,30031842,1,30052365
2018,30037046,1,30057510
2018,30037054,1,30052376
2018,30031854,1,30057524
2018,30042117,1,30062599
2018,30031865,1,30052391
2018,30037080,1,30057545
2018,30042143,1,30062627
2018,30031875,1,30052398
2018,30047092,1,30057560
2018,30031880,1,30067561
2018,30047095,1,30067569
2018,30047098,1,30067572
2018,30047102,1,30052410
2018,30031902,1,30052420
2018,30042172,1,30062654
2018,30031903,1,30052421
2018,30047129,1,30062660
2018,30031914,1,30052430
2018,30047145,1,30062667
2018,30042201,1,30062678
2018,30031931,1,30052445
2018,30047167,1,30067649
2018,30042209,1,30052447
2018,30031935,1,30067655
2018,30042210,1,30067656
2018,30031937,1,30062688
2018,30031942,1,30067659
2018,30031944,1,30052455
2018,30047177,1,30062697
2018,30047180,1,30067667
2018,30042225,1,30067668
2018,30042226,1,30067671
2018,30047187,1,30062705
2018,30031951,1,30052458
2018,30047191,1,30067678
2018,30042229,1,30067680
2018,30031954,1,30067681
2018,30042231,1,30067683
2018,30031957,1,30052464
2018,30042232,1,30062710
2018,30042234,1,30062712
2018,30047200,1,30067686
2018,30042236,1,30062716
2018,30047210,1,30052475
2018,30042243,1,30062721
2018,30031974,1,30052478
2018,30031976,1,30052479
2018,30042247,1,30062726
2018,30047222,1,30067714
2018,30031979,1,30067721
2018,30042253,1,30062733
2018,30042254,1,30062734
2018,30047233,1,30067724
2018,30042270,1,30062753
2018,30042274,1,30067760
2018,30042276,1,30067762
2018,30032004,1,30052503
2018,30042282,1,30067774
2018,30032011,1,30052508
2018,30042285,1,30062766
2018,29761767,1,29787478
2018,29767072,1,29787517
2018,29767074,1,29787519
2018,29767077,1,29787526
2018,29767084,1,29787533
2018,29767096,1,29792296
2018,29767127,1,29792320
2018,29765888,1,29792350
2018,29767174,1,29792349
2018,29767191,1,29787643
2018,29771910,1,29792377
2018,29767238,1,29792397
2018,29767281,1,29792421
2018,30042067,1,30052334
2018,30031825,1,30052349
2018,30037078,1,30057544
2018,30031882,1,30067564
2018,30042212,1,30067657
2018,30042218,1,30062696
2018,30031955,1,30052462
2018,30047216,1,30067706
2018,30047235,1,30067728
2018,30031999,1,30052498
2018,30047268,1,30062757
2018,30042277,7,30062760
2018,30047276,1,30067769
2018,30042284,1,30062765
2018,29767314,1,29787762
2018,29767315,1,29787765
2018,29767358,1,29787802
2018,29772006,1,29787804
2018,29767373,1,29787813
2018,29765997,1,29786493
2018,29772016,1,29786508
2018,29772031,1,29792498
2018,29767416,1,29787863
2018,29766033,1,29787865
2018,29767431,1,29787880
2018,29766052,1,29787898
2018,29766058,1,29787918
2018,29761774,1,29787490
2018,29761797,1,29787505
2018,29765809,1,29787510
2018,29765839,1,29786346
2018,29767201,1,29787654
2018,29771922,1,29792385
2018,29765929,1,29786415
2018,29767258,1,29786429
2018,29765941,1,29786435
2018,29767272,1,29787723
2018,29765943,1,29786438
2018,29767279,7,29792419
2018,29767292,1,29787734
2018,29767323,7,29787772
2018,29771982,1,29787775
2018,29765977,1,29792456
2018,29771999,7,29787785
2018,29772001,1,29792470
2018,29765987,1,29787791
2018,29765989,1,29786485
2018,29765995,1,29786490
2018,29766017,1,29786518
2018,29766021,1,29786521
2018,29766022,1,29786522
2018,29767444,1,29787893
2018,29772054,1,29787894
2018,29772079,1,29792542
2018,30042152,1,30052403
2018,30047168,1,30067650
2018,30042213,1,30062690
2018,30047215,1,30067705
2018,30047247,3,30062746
2018,30047263,1,30062754
2018,30047269,1,30062758
2018,30032006,1,30067768
2018,30047279,1,30067775
2018,29765784,1,29782225
2018,29767041,1,29786293
2018,29767069,1,29787515
2018,29765823,1,29787534
2018,29765822,1,29792283
2018,29765825,1,29786332
2018,29767143,1,29787596
2018,29767163,7,29787618
2018,29767165,1,29787619
2018,29767200,1,29787652
2018,29771920,1,29787689
2018,29765926,1,29792384
2018,29771919,1,29787687
2018,29771969,1,29786459
2018,29767309,1,29792438
2018,29767325,1,29786473
2018,29771987,1,29792453
2018,29771993,1,29792462
2018,29765985,1,29786483
2018,29772002,1,29792472
2018,29767357,1,29787801
2018,29767070,1,29787516
2018,29767086,1,29792284
2018,29767091,1,29787541
2018,29771838,1,29792295
2018,29771857,1,29787569
2018,29767147,1,29787600
2018,29767152,1,29787607
2018,29767206,1,29787657
2018,29767216,1,29792378
2018,29767247,1,29792400
2018,29771948,1,29787724
2018,29771947,1,29792413
2018,29771976,1,29787761
2018,29765979,1,29786478
2018,29767376,1,29787814
2018,29767377,1,29787815
2018,29766000,1,29786499
2018,29766005,1,29786506
2018,29767388,1,29787827
2018,29772018,1,29786511
2018,29765994,1,29786489
2018,29767390,1,29787833
2018,29767395,1,29786512
2018,29766037,1,29787874
2018,29772041,1,29787872
2018,29772042,1,29792510
2018,29767425,1,29787871
2018,29767441,1,29787888
2018,29772073,1,29792537
2018,29429043,1,29457728
2018,29429055,1,29453866
2018,29420035,1,29457748
2018,29429072,1,29457756
2018,29429092,1,29457779
2018,29429101,1,29457789
2018,29420106,1,29453939
2018,29429107,1,29453943
2018,29429120,1,29457805
2018,29420132,1,29457817
2018,29424860,1,29448808
2018,29424863,1,29448809
2018,29424904,1,29448850
2018,29420196,1,29448855
2018,29429202,1,29457875
2018,29424923,1,29454051
2018,29424948,1,29448893
2018,29420226,1,29454063
2018,30037025,1,30062570
2018,30042088,1,30062569
2018,30042089,1,30062572
2018,30031831,1,30052354
2018,30037049,1,30057514
2018,30037048,1,30057513
2018,30042108,1,30057515
2018,30031852,1,30052375
2018,30037053,1,30057523
2018,30031868,1,30062616
2018,30031873,1,30057554
2018,30031910,1,30052428
2018,30047199,1,30052469
2018,30031980,7,30067725
2018,30047267,1,30052500
2018,30047271,1,30067763
2018,30047280,1,30067776
2018,29429046,1,29457734
2018,29420025,1,29457735
2018,29420044,1,29457753
2018,29429070,1,29453882
2018,29420049,1,29448761
2018,29420063,1,29457763
2018,29429096,1,29457783
2018,29420093,1,29453923
2018,29420096,1,29457786
2018,29420107,1,29453940
2018,29429129,1,29457813
2018,29429137,1,29453970
2018,29429151,1,29453983
2018,29429170,1,29448816
2018,29420176,1,29454019
2018,29420184,1,29454027
2018,29424913,1,29454042
2018,29420213,1,29454054
2018,29420215,1,29457885
2018,29424934,1,29454056
2018,30037031,1,30052357
2018,30042106,1,30052366
2018,30031855,1,30052377
2018,30047100,1,30052408
2018,30042162,1,30067583
2018,30031925,1,30067631
2018,30047165,1,30062682
2018,30031953,1,30052459
2018,30042237,1,30062718
2018,30031963,1,30062717
2018,30047214,1,30067704
2018,30047246,1,30067738
2018,30042271,6,30062755
2018,30037009,1,30057475
2018,30042070,1,30052337
2018,30042103,1,30057505
2018,30042119,1,30062601
2018,30031862,1,30052385
2018,30042154,1,30067568
2018,30031924,1,30052440
2018,30031932,1,30052446
2018,30047178,1,30067664
2018,30042228,1,30062708
2018,30047207,1,30067693
2018,30047212,1,30067700
2018,30042062,1,30062546
2018,30042076,1,30052343
2018,30037020,1,30057489
2018,30042084,1,30062565
2018,30037022,1,30057490
2018,30037026,1,30062571
2018,30037027,1,30057494
2018,30037032,1,30052358
2018,30031845,1,30052370
2018,30042111,1,30062592
2018,30042112,1,30062593
2018,30037060,1,30052384
2018,30047083,1,30057548
2018,30031884,1,30052404
2018,30047093,1,30067565
2018,30042161,1,30052409
2018,30042174,1,30067596
2018,30047119,1,30067592
2018,30047121,1,30067593
2018,30047122,1,30067594
2018,30042181,1,30067608
2018,30031919,3,30062668
2018,30042191,2,30062670
2018,30047172,1,30067658
2018,30047175,1,30067661
2018,30031952,1,30067679
2018,30031956,1,30052463
2018,30031959,1,30062714
2018,30031961,1,30052468
2018,30047197,1,30062713
2018,30042244,1,30062724
2018,30042246,1,30067712
2018,30047226,1,30067717
2018,30031985,1,30067731
2018,30047238,1,30062738
2018,30031991,1,30067739
2018,30047248,1,30067740
2018,30031992,1,30052491
2018,30042273,1,30062756
2018,30032003,1,30067766
2018,30042097,1,30062581
2018,30042096,1,30052361
2018,30037038,1,30057504
2018,30031861,1,30062610
2018,30031871,1,30052396
2018,30031885,1,30067567
2018,30042188,1,30067620
2018,30031923,1,30052439
2018,30047190,1,30067677
2018,30031990,1,30052489
2018,30031997,1,30052496
2018,30042074,1,30057485
2018,30031849,1,30062595
2018,30031876,1,30052399
2018,30031879,1,30057559
2018,30042165,1,30062648
2018,30031907,1,30052425
2018,30047126,1,30067601
2018,30047133,1,30062662
2018,30042182,1,30062663
2018,30047131,1,30067607
2018,30042202,1,30062679
2018,30042203,1,30062680
2018,30042220,1,30067663
2018,30031946,1,30062700
2018,30047208,1,30067694
2018,30042242,1,30067698
2018,30042252,1,30062732
2018,30042251,1,30062731
2018,30042257,1,30062739
2018,30047242,1,30067734
2018,30031994,1,30052493
2018,30042269,1,30067752
2018,30047264,1,30067756
2018,29420043,1,29457752
2018,29420042,1,29453879
2018,29420046,1,29448758
2018,29429068,1,29457755
2018,29424819,1,29457760
2018,29429078,1,29448765
2018,29420060,1,29453894
2018,29420061,1,29457762
2018,29420077,1,29453911
2018,29420079,1,29457775
2018,29420085,1,29448766
2018,29429103,1,29453933
2018,29429105,1,29457790
2018,29429106,1,29457791
2018,29429110,1,29457793
2018,29420115,1,29453948
2018,29429116,1,29457800
2018,29429118,1,29457801
2018,29420126,1,29457810
2018,29429132,1,29453965
2018,29429142,1,29457826
2018,29429146,1,29457829
2018,29424831,1,29448776
2018,29424866,1,29448811
2018,29429181,1,29448827
2018,29429180,1,29457855
2018,29424897,1,29448844
2018,29420200,1,29457876
2018,29424938,1,29454057
2018,29424939,1,29448884
2018,29424940,1,29448885
2018,29767470,1,29786554
2018,29772069,1,29792533
2018,30520322,1,30521500
2018,30520323,1,30521501
2018,30520324,1,30526580
2018,29767035,1,29782233
2018,29767037,1,29787485
2018,30520326,1,30521504
2018,29765869,1,29786370
2018,29771886,1,29786383
2018,29767172,1,29792348
2018,29767177,1,29787630
2018,29771899,1,29792363
2018,30520330,1,30521507
2018,29771932,1,29792396
2018,29767307,1,29792436
2018,29765960,1,29786464
2018,29765968,1,29787757
2018,29767327,1,29792446
2018,29767326,1,29787774
2018,29771985,1,29792452
2018,29772013,1,29787823
2018,29766009,1,29787830
2018,29767397,1,29792490
2018,29767407,1,29787847
2018,29772026,1,29787850
2018,29767415,1,29787862
2018,29766048,1,29786542
2018,30515072,1,30517068
2018,30510858,1,30521515
2018,30515079,1,30517081
2018,30520346,1,30526598
2018,30510871,1,30521528
2018,30510878,1,30526611
2018,30510885,1,30517098
2018,30515111,1,30521551
2018,30510893,1,30521555
2018,30510901,1,30517122
2018,30520391,1,30526641
2018,30520397,1,30521565
2018,30510905,1,30526646
2018,30515131,1,30521566
2018,30520406,1,30526658
2018,30515140,1,30517132
2018,30515145,1,30521582
2018,30515146,1,30521583
2018,30510917,1,30521584
2018,30510918,1,30517136
2018,30515150,1,30521588
2018,30510929,1,30526668
2018,30515155,1,30526667
2018,30510924,1,30517141
2018,30510925,1,30517142
2018,30515159,1,30526673
2018,30515160,1,30526674
2018,30520417,1,30526675
2018,30510937,1,30517151
2018,30520425,1,30521603
2018,30520426,1,30526684
2018,30510943,1,30517158
2018,30515169,1,30521606
2018,30520439,1,30517171
2018,30510962,1,30517183
2018,30510964,1,30521631
2018,30510971,1,30521637
2018,30520460,1,30517191
2018,29761781,1,29786299
2018,29771813,1,29792274
2018,29765830,1,29786336
2018,29765856,1,29786359
2018,29767161,7,29786379
2018,29767182,1,29787637
2018,29765898,1,29786393
2018,29765911,1,29787663
2018,29771963,1,29792430
2018,29765984,1,29786482
2018,29766025,1,29786524
2018,29772033,1,29792502
2018,29766029,1,29792503
2018,29767418,1,29786530
2018,29772050,7,29787889
2018,29772059,1,29787900
2018,29767451,1,29787902
2018,29767459,1,29787910
2018,29767474,1,29787925
2018,29761771,1,29782229
2018,29761773,1,29782236
2018,29771808,1,29792267
2018,29771818,1,29787523
2018,29767089,1,29792286
2018,29771858,1,29787572
2018,29767124,1,29786357
2018,29771866,1,29787585
2018,29767151,8,29787605
2018,29765878,1,29792338
2018,29767157,1,29787612
2018,29771882,1,29792341
2018,29765935,1,29786425
2018,29765948,1,29786450
2018,29765949,1,29792427
2018,29765954,1,29787738
2018,29767333,1,29787777
2018,29767339,1,29787784
2018,29767342,1,29792469
2018,29767344,1,29792471
2018,29767359,1,29792477
2018,29767362,1,29792478
2018,29772011,1,29786503
2018,29766011,1,29787831
2018,29767399,1,29792491
2018,29772029,1,29792497
2018,29767410,1,29787856
2018,29767412,1,29787857
2018,29766031,1,29787861
2018,29767430,1,29787879
2018,29772075,1,29792539
2018,29767476,1,29787927
2018,29765792,1,29787486
2018,29767043,7,29787491
2018,29765794,1,29782238
2018,29761778,1,29787492
2018,29767064,1,29782256
2018,29765819,1,29786325
2018,29765827,1,29786333
2018,29767130,1,29792321
2018,29767153,1,29787609
2018,29765882,1,29786380
2018,29771895,1,29792358
2018,29765912,1,29787666
2018,29767217,1,29787675
2018,29767244,1,29787701
2018,29765972,1,29786470
2018,29767360,1,29787803
2018,29767363,1,29786488
2018,29765992,1,29787805
2018,29767385,1,29787824
2018,29772022,1,29787845
2018,29772037,1,29792505
2018,29767428,1,29787878
2018,29772057,1,29792524
2018,29767093,1,29786338
2018,29765832,1,29786337
2018,29767101,1,29786348
2018,29767140,1,29792329
2018,29767155,1,29786378
2018,29767213,1,29787671
2018,29771931,1,29786418
2018,29771942,1,29787712
2018,29767265,1,29786433
2018,29767382,1,29786504
2018,29767398,1,29787837
2018,29766018,1,29792494
2018,29772028,1,29792496
2018,29766036,1,29786532
2018,29772044,1,29792512
2018,29765791,1,29786290
2018,29765811,1,29782257
2018,29761800,1,29786319
2018,29771812,7,29792272
2018,29765816,1,29792273
2018,29765829,1,29787539
2018,29767092,1,29792294
2018,29765855,1,29786358
2018,29765861,1,29787584
2018,29767139,1,29792328
2018,29767150,1,29787604
2018,29767275,1,29786439
2018,29767278,1,29787726
2018,29771971,1,29787749
2018,29771977,1,29787763
2018,29765973,1,29787769
2018,29767347,1,29792473
2018,29767379,1,29787816
2018,29767408,1,29787853
2018,29767423,1,29787869
2018,29772047,1,29786538
2018,29772048,1,29786540
2018,29772078,1,29792540
2018,30788587,1,30794848
2018,30788608,1,30794867
2018,30795902,1,30802241
2018,30795925,1,30802264
2018,30795929,1,30802268
2018,30788643,1,30794897
2018,30795931,1,30798228
2018,30795881,1,30798179
2018,30795885,1,30802221
2018,30788594,6,30802226
2018,31581989,1,31603192
2018,31582023,1,31603230
2018,31573097,1,31612929
2018,31573101,1,31609093
2018,30791677,1,30794865
2018,30791680,1,30794868
2018,30788623,1,30794880
2018,30795921,1,30802258
2018,30791696,1,30798222
2018,30791695,1,30798221
2018,30791701,1,30794893
2018,30791706,1,30798232
2018,31582036,1,31603249
2018,31573119,7,31609108
2018,31586781,1,31603257
2018,31582051,1,31612983
2018,31586802,1,31612991
2018,31586800,1,31603267
2018,31582061,1,31603277
2018,31573142,1,31609129
2018,31582075,1,31613004
2018,31573151,1,31613007
2018,31586850,1,31613040
2018,31586865,1,31603325
2018,31586867,1,31609169
2018,31582136,1,31603349
2018,31586954,1,31613153
2018,31586953,1,31613152
2018,31586960,1,31613159
2018,30795903,1,30798206
2018,30788612,1,30794873
2018,30791686,7,30794875
2018,30788646,1,30794899
2018,31586673,1,31612872
2018,31573081,1,31603184
2018,31582001,1,31603212
2018,31586773,1,31612957
2018,31586779,1,31612966
2018,31586804,1,31612993
2018,31586823,1,31613009
2018,31582142,1,31603355
2018,31582178,1,31613231
2018,31587028,1,31613232
2018,31582186,1,31603395
2018,31587060,1,31613262
2018,31587061,1,31613263
2018,31587313,1,31613521
2018,31587340,1,31613546
2018,31587346,1,31603578
2018,31587391,1,31613600
2018,31573476,1,31609459
2018,31587401,1,31613610
2018,31582412,1,31609465
2018,31587413,1,31613621
2018,31587414,1,31613622
2018,31587418,1,31613626
2018,31587424,7,31613629
2018,30795890,1,30802225
2018,30795909,1,30802246
2018,30795917,1,30802254
2018,30795916,1,30802253
2018,31582465,1,31603673
2018,31587556,1,31613759
2018,31587582,1,31603700
2018,31587585,1,31613784
2018,31587592,1,31609547
2018,31582496,1,31613801
2018,30791679,1,30802236
2018,30795914,1,30802251
2018,30795934,1,30802274
2018,30788648,1,30794902
2018,30791665,1,30794852
2018,30795919,1,30802256
2018,30795928,1,30798227
2018,30788650,1,30794905
2018,31582144,1,31603357
2018,31587048,5,31613251
2018,31573278,1,31613267
2018,31582367,1,31603577
2018,31587344,1,31613551
2018,31587350,1,31613557
2018,31582384,1,31603588
2018,31582388,7,31603591
2018,31587393,1,31609452
2018,31587554,1,31613760
2018,31587567,1,31613770
2018,31573558,1,31613777
2018,31582489,1,31613790
2018,31582493,1,31613796
2018,30788584,1,30794847
2018,30788585,1,30802218
2018,30791668,1,30798188
2018,30795911,1,30798209
2018,30791660,1,30794849
2018,30791669,1,30798189
2018,30788591,1,30794855
2018,30788605,1,30802231
2018,30795894,1,30802232
2018,30788622,1,30802252
2018,30795920,1,30802257
2018,30788631,1,30802262
2018,30788642,1,30802269
2018,30795930,1,30802270
2018,30788653,1,30794908
2018,28513524,1,28538325
2018,28513548,1,28538349
2018,28513752,1,28538555
2018,28513884,1,28538685
2018,28513907,1,28538708
2018,28514297,1,28539100
2018,28514505,1,28539308
2018,28514658,3,28539461
2018,28514741,8,28539544
2018,28514927,1,28539730
2018,28513577,1,28538378
2018,28513691,1,28538493
2018,28513693,1,28538494
2018,28513733,1,28538534
2018,28513776,1,28538577
2018,28513783,1,28538585
2018,28514000,1,28538801
2018,28514008,1,28538809
2018,28514120,1,28538923
2018,28514111,1,28538915
2018,28514116,1,28538918
2018,28514180,1,28538983
2018,28514455,1,28539258
2018,28514654,1,28539457
2018,28514777,1,28539580
2018,28514776,1,28539579
2018,28514782,1,28539585
2018,28514783,1,28539586
2018,28514785,1,28539589
2018,28514809,1,28539612
2018,28514899,1,28539702
2018,28515200,1,28540003
2018,28515207,1,28540011
2018,28515358,1,28540161
2018,28515365,1,28540168
2018,28515380,1,28540185
2018,28515412,1,28540215
2018,28515456,1,28540259
2018,28513640,8,28538440
2018,28513640,6,28538438
2018,28514011,1,28538813
2018,28514065,1,28538868
2018,28514207,1,28539010
2018,28514211,1,28539014
2018,28514243,1,28539046
2018,28514448,1,28539251
2018,28514459,1,28539262
2018,28514470,1,28539273
2018,28514512,1,28539317
2018,28514642,1,28539445
2018,28514771,1,28539574
2018,28514842,1,28539646
2018,28514932,1,28539735
2018,28515211,1,28540014
2018,28515296,1,28540099
2018,28515340,1,28540144
2018,28515356,1,28540159
2018,28515367,1,28540170
2018,28515436,1,28540239
2018,28513511,1,28538312
2018,28513540,1,28538341
2018,28513700,1,28538501
2018,28514062,1,28538865
2018,28514068,1,28538871
2018,28514147,1,28538950
2018,28514300,1,28539104
2018,28514447,1,28539250
2018,28514489,1,28539293
2018,28514567,1,28539370
2018,28514822,1,28539625
2018,28514851,1,28539654
2018,28514888,1,28539692
2018,28514921,1,28539721
2018,28514962,1,28539762
2018,28515233,1,28540037
2018,28513645,1,28538443
2018,28513686,1,28538487
2018,28513764,1,28538565
2018,28513943,1,28538744
2018,28513997,1,28538798
2018,28514088,1,28538891
2018,28514109,1,28538912
2018,28514119,1,28538921
2018,28514115,1,28538919
2018,28514141,1,28538944
2018,28514170,1,28538973
2018,28514222,7,28539025
2018,28514299,1,28539102
2018,28514306,1,28539109
2018,28514312,1,28539115
2018,28514378,1,28539181
2018,28514723,1,28539526
2018,28514914,1,28539717
2018,28514946,1,28539749
2018,28514945,1,28539748
2018,28514951,1,28539754
2018,28514970,2,28539771
2018,28514971,2,28539774
2018,28515390,1,28540193
2018,28515388,1,28540192
2018,28515430,1,28540233
2018,28515444,1,28540248
2018,28513450,1,28538250
2018,28513697,1,28538498
2018,28513699,1,28538500
2018,28514017,1,28538819
2018,28514018,1,28538820
2018,28514020,1,28538821
2018,28514030,1,28538830
2018,28514083,1,28538886
2018,28514426,1,28539231
2018,28514486,1,28539289
2018,28514740,1,28539543
2018,28514844,1,28539647
2018,28514841,1,28539644
2018,28514890,1,28539693
2018,28514933,1,28539736
2018,28514963,1,28539767
2018,28514977,1,28539780
2018,28514981,1,28539785
2018,28515268,1,28540071
2018,28515381,1,28540183
2018,28513638,1,28538439
2018,28513723,1,28538524
2018,28513773,1,28538574
2018,28513921,1,28538722
2018,28514079,1,28538882
2018,28514161,1,28538964
2018,28514224,1,28539027
2018,28514281,1,28539083
2018,28514315,1,28539118
2018,28514469,1,28539272
2018,28514576,1,28539379
2018,28514605,1,28539408
2018,28514618,1,28539420
2018,28514770,1,28539571
2018,28514952,1,28539755
2018,28515013,1,28539816
2018,28515057,1,28539860
2018,28515177,1,28539980
2018,28515310,1,28540113
2018,28515366,1,28540169
2018,28515446,1,28540249
2018,28513542,1,28538342
2018,28513680,1,28538481
2018,28513809,1,28538611
2018,28513933,1,28538734
2018,28514039,1,28538841
2018,28514042,1,28538844
2018,28514304,1,28539107
2018,28514356,1,28539159
2018,28514485,1,28539288
2018,28514586,1,28539389
2018,28514652,1,28539454
2018,28514666,1,28539470
2018,28514724,1,28539527
2018,28514725,1,28539528
2018,28514735,1,28539537
2018,28514762,1,28539564
2018,28514800,1,28539601
2018,28514906,1,28539709
2018,28514942,1,28539745
2018,28514956,1,28539759
2018,28515014,1,28539818
2018,28515457,1,28540260
2018,28513459,1,28538259
2018,28515231,1,28540034
2018,28515297,1,28540100
2018,28515342,1,28540145
2018,28515398,1,28540201
2018,28003748,1,28027846
2018,31563988,1,31580314
2018,31559072,1,31575339
2018,31559075,1,31575340
2018,31559107,1,31580354
2018,31558967,1,31585148
2018,31553995,1,31580209
2018,31554004,1,31580215
2018,31554016,1,31575254
2018,31554037,7,31575275
2018,31554042,1,31580252
2018,31563933,1,31580254
2018,31559012,1,31575282
2018,31554046,1,31585187
2018,31554056,1,31580265
2018,31563945,1,31585198
2018,31563944,1,31585197
2018,31559027,1,31585202
2018,31559029,1,31580283
2018,31559030,1,31580284
2018,31554073,1,31580282
2018,31559033,1,31585210
2018,31554078,1,31575299
2018,31559035,1,31585212
2018,31559043,1,31575306
2018,31554085,1,31575310
2018,31559056,1,31585228
2018,31554091,7,31580306
2018,34254687,1,34228662
2018,34254777,1,34228752
2018,29767319,1,29786471
2018,29767324,1,29787773
2018,29771983,8,29786474
2018,29771984,1,29792451
2018,29771988,1,29787776
2018,29767332,1,29786476
2018,29765978,1,29792457
2018,29771990,1,29792460
2018,29771991,1,29786477
2018,29767337,1,29787780
2018,29765982,1,29786480
2018,29767341,1,29787786
2018,29767343,1,29787787
2018,29765986,1,29787789
2018,29765988,1,29787800
2018,29765990,1,29786486
2018,29765991,1,29786487
2018,29767365,1,29792481
2018,29767368,1,29787808
2018,29767369,1,29787810
2018,29765993,1,29787809
2018,29767371,1,29787812
2018,29767374,1,29786494
2018,29767375,1,29786495
2018,29766002,1,29786502
2018,29766006,1,29786507
2018,29767386,1,29792486
2018,29767387,1,29787826
2018,29767394,1,29792489
2018,29766013,1,29786513
2018,29767401,1,29786515
2018,29766014,1,29786514
2018,29772019,1,29787839
2018,29767403,1,29787842
2018,29767404,1,29787843
2018,29767405,1,29787844
2018,29772025,1,29787849
2018,29766020,1,29786520
2018,29766024,1,29787852
2018,29767409,1,29787854
2018,29766030,1,29786526
2018,29772036,1,29786527
2018,29772038,1,29792506
2018,29766034,1,29786529
2018,29772040,1,29792508
2018,29767422,1,29786531
2018,29767424,1,29787870
2018,29766038,1,29787875
2018,28513456,1,28538257
2018,28513570,1,28538370
2018,28513585,1,28538385
2018,28513673,1,28538474
2018,28513718,1,28538518
2018,28513831,1,28538632
2018,29767427,1,29787876
2018,29766039,3,29786533
2018,29766040,1,29786534
2018,28514048,6,28538852
2018,28514058,1,28538861
2018,28514061,1,28538864
2018,28514074,1,28538877
2018,28514075,1,28538878
2018,28514077,1,28538880
2018,28514221,1,28539024
2018,28514295,1,28539097
2018,28514308,1,28539111
2018,29772045,1,29792513
2018,28514593,1,28539396
2018,28514591,1,28539394
2018,28514668,1,28539472
2018,28514711,1,28539514
2018,28514792,1,28539595
2018,29766041,1,29792514
2018,28514978,1,28539781
2018,28514992,1,28539795
2018,28515006,1,28539809
2018,29766042,1,29786535
2018,28515180,1,28539983
2018,28515205,1,28540008
2018,28515215,7,28540018
2018,29772046,1,29792516
2018,28515337,1,28540140
2018,28515338,1,28540141
2018,28515362,1,28540165
2018,28515389,1,28540191
2018,28515391,1,28540194
2018,28515432,1,28540235
2018,28515435,1,28540238
2018,28515437,1,28540240
2018,29767442,1,29787890
2018,29766047,1,29792519
2018,29772053,1,29792522
2018,29772052,1,29787892
2018,29766049,1,29792521
2018,29766050,1,29786543
2018,29766051,1,29786544
2018,29772056,1,29787895
2018,29767447,1,29787897
2018,29767448,1,29792525
2018,28513547,1,28538346
2018,28513562,1,28538363
2018,28513644,1,28538447
2018,28513696,1,28538497
2018,28513710,1,28538511
2018,28513719,1,28538520
2018,28513746,1,28538547
2018,28513847,1,28538648
2018,28513888,1,28538689
2018,28513890,1,28538691
2018,28513902,1,28538703
2018,28513987,1,28538789
2018,28514064,1,28538867
2018,28514069,1,28538872
2018,28514070,1,28538873
2018,28514081,1,28538884
2018,28514162,1,28538963
2018,28514223,1,28539026
2018,28514231,1,28539034
2018,28514247,1,28539050
2018,28514305,1,28539108
2018,28514317,1,28539120
2018,28514316,1,28539119
2018,28514338,1,28539141
2018,28514608,1,28539411
2018,28514708,1,28539509
2018,28514751,1,28539552
2018,28514824,1,28539627
2018,28515150,1,28539953
2018,28515210,1,28540013
2018,28515316,1,28540118
2018,28515384,1,28540187
2018,28513498,1,28538299
2018,28513653,1,28538454
2018,28513651,1,28538452
2018,28513652,1,28538453
2018,28513678,1,28538479
2018,28513683,1,28538484
2018,28513801,1,28538603
2018,28513953,1,28538755
2018,28514055,1,28538858
2018,28514112,1,28538916
2018,28514107,1,28538911
2018,28514106,1,28538909
2018,28514194,1,28538998
2018,28514246,1,28539049
2018,28514302,1,28539105
2018,28514758,1,28539561
2018,28514803,1,28539606
2018,28514826,1,28539629
2018,28514905,1,28539708
2018,28515405,1,28540208
2018,28515424,1,28540227
2018,31553775,1,31575045
2018,31553776,1,31584996
2018,31558799,1,31585002
2018,31553785,3,31580007
2018,31558814,1,31580025
2018,31553802,1,31575068
2018,31553805,1,31580030
2018,31558816,1,31580032
2018,31558822,1,31580042
2018,31563776,1,31580045
2018,31553823,7,31585034
2018,31553834,1,31580055
2018,31553843,1,31585045
2018,31558844,1,31585047
2018,31558843,1,31580068
2018,31563809,1,31585064
2018,31563843,1,31580136
2018,31563848,1,31585086
2018,31553921,1,31575175
2018,31563847,1,31575176
2018,31563846,1,31585085
2018,31563856,1,31585091
2018,31558915,1,31575191
2018,31558914,1,31575190
2018,31553952,1,31575201
2018,31558931,1,31585118
2018,31563877,1,31575208
2018,31563879,1,31585126
2018,31553963,1,31580181
2018,31553965,1,31575218
2018,31563887,1,31580182
2018,31558950,1,31575221
2018,31553984,1,31585140
2018,31558961,1,31580200
2018,31553991,1,31580207
2018,31563900,1,31585146
2018,31553992,1,31580208
2018,28513774,1,28538576
2018,28513488,1,28538290
2018,28513522,1,28538322
2018,28513647,1,28538448
2018,28513722,1,28538523
2018,28513802,1,28538606
2018,28513927,1,28538726
2018,28514016,1,28538818
2018,28514174,1,28538977
2018,28514216,1,28539019
2018,28514709,1,28539511
2018,28514716,1,28539517
2018,28514748,1,28539551
2018,28514743,1,28539546
2018,28514738,1,28539541
2018,28514804,1,28539607
2018,28514827,1,28539631
2018,28515238,1,28540041
2018,28515271,1,28540074
2018,28515314,1,28540117
2018,28515328,1,28540131
2018,28513528,1,28538330
2018,28513551,1,28538351
2018,28513681,1,28538482
2018,28513688,1,28538489
2018,28513735,1,28538536
2018,28513877,8,28538678
2018,28514044,1,28538846
2018,28514085,7,28538888
2018,28514098,1,28538901
2018,28514102,1,28538905
2018,28514104,1,28538907
2018,28514209,1,28539012
2018,28514218,1,28539022
2018,28514241,1,28539044
2018,28514452,1,28539256
2018,28514487,1,28539290
2018,28514713,1,28539518
2018,28514764,1,28539567
2018,28514790,1,28539594
2018,28514836,1,28539639
2018,28514923,1,28539725
2018,28515022,1,28539825
2018,28515306,1,28540109
2018,28513457,1,28538258
2018,28513563,1,28538362
2018,28513672,1,28538473
2018,28513810,7,28538612
2018,28513900,3,28538701
2018,28514006,1,28538806
2018,28514367,1,28539170
2018,28514855,1,28539657
2018,28514871,1,28539674
2018,28514887,1,28539690
2018,28514904,1,28539707
2018,28514901,1,28539704
2018,28514903,1,28539706
2018,28514983,1,28539786
2018,28514982,1,28539784
2018,28515037,1,28539840
2018,28515035,1,28539838
2018,28515273,1,28540076
2018,28513470,1,28538270
2018,28513506,1,28538307
2018,28513508,1,28538309
2018,28513601,1,28538401
2018,28513834,1,28538635
2018,28513873,1,28538675
2018,28513922,1,28538723
2018,28513924,1,28538724
2018,28514146,1,28538949
2018,28514159,1,28538962
2018,28514164,1,28538967
2018,28514167,1,28538969
2018,28514217,1,28539020
2018,28514294,7,28539098
2018,28514450,1,28539253
2018,28514520,1,28539323
2018,28514837,1,28539640
2018,28514869,1,28539672
2018,28514935,1,28539737
2018,28514944,1,28539747
2018,28514986,1,28539789
2018,28515184,1,28539987
2018,28515402,1,28540205
2018,28515442,1,28540245
2018,28513666,1,28538467
2018,28513664,1,28538465
2018,28513815,1,28538617
2018,28513951,1,28538751
2018,28514239,1,28539042
2018,28514413,1,28539216
2018,28514479,1,28539282
2018,28514507,1,28539311
2018,28514558,1,28539361
2018,28514589,1,28539392
2018,28515267,1,28540070
2018,28515329,1,28540132
2018,28515341,7,28540142
2018,34167719,1,34143166
2018,34520725,1,34871186
2018,34177432,1,34152834
2018,34580039,1,34913106
2018,34580040,1,34913107
2018,34644510,1,34989936
2018,34644509,1,34989935
2018,34229270,1,34213228
2018,34177354,1,34152756
2018,34177353,1,34152755
2018,34254696,1,34228671
2018,34177319,1,34152721
2018,34254986,1,34228961
2018,34177291,1,34152693
2018,34177290,1,34152692
2018,34177289,1,34152691
2018,34224623,1,34198539
2018,34243085,1,34227047
2018,34243089,1,34227051
2018,34254688,1,34228663
2018,34254641,1,34228616
2018,34301514,1,34289988
2018,34229272,1,34213230
2018,34229271,1,34213229
2018,34243083,1,34227045
2018,34243084,1,34227046
2018,34243088,1,34227050
2018,34301465,8,34289939
2018,34449682,1,34460108
2018,34525651,1,34868631
2018,35419225,1,35678737
2018,35783085,1,35878619
2018,35282950,1,35544230
2018,35282949,1,35544229
2018,35282951,1,35544231
2018,35282952,1,35544232
2018,35386124,1,35640568
2018,35282931,1,35544211
2018,35282930,1,35544210
2018,34229919,1,34200594
2018,34229918,3,34200593
2018,34253345,1,34218952
2018,34253344,1,34218951
2018,34253343,1,34218950
2018,35282932,1,35544212
2018,34305558,1,34276273
2018,35249729,7,35540155
2018,35312627,1,35603936
2018,35282877,1,35544157
2018,31558806,1,31580013
2018,31558911,1,31585092
2018,31553931,1,31580150
2018,31553932,1,31575192
2018,31558944,5,31585127
2018,31558943,7,31575215
2018,31563931,1,31585183
2018,31554045,7,31580256
2018,31559021,1,31575292
2018,31554067,1,31580275
2018,31559039,1,31575302
2018,31559074,1,31585244
2018,31554128,1,31580343
2018,31554130,1,31580346
2018,31554140,1,31580356
2018,34254695,1,34228670
2018,34254778,1,34228753
2018,31563789,1,31580060
2018,31553871,1,31580085
2018,31558886,1,31580126
2018,31553903,1,31575158
2018,31563857,1,31580149
2018,31558930,1,31580167
2018,31563883,1,31575212
2018,31563884,1,31585130
2018,31559014,1,31580258
2018,31554055,1,31580264
2018,31563953,1,31580281
2018,31554090,1,31580302
2018,31563976,1,31580304
2018,31554100,1,31575337
2018,31554103,1,31585243
2018,28003620,1,28027718
2018,28003630,1,28027729
2018,28003627,1,28027726
2018,28003720,1,28027818
2018,28216125,1,28240515
2018,28216173,1,28240564
2018,28216273,1,28240664
2018,28216330,1,28240721
2018,28216504,1,28240897
2018,28216513,1,28240906
2018,28216663,1,28241057
2018,28216693,1,28241089
2018,28391153,1,28415780
2018,28391184,1,28415811
2018,28391196,1,28415823
2018,28391583,1,28416210
2018,28215905,1,28240294
2018,28215969,1,28240360
2018,28216224,1,28240614
2018,28216397,1,28240790
2018,28216555,1,28240949
2018,28216104,1,28240494
2018,28216366,1,28240760
2018,28216501,1,28240894
2018,28216529,1,28240923
2018,28216574,1,28240968
2018,28216594,1,28240989
2018,28216659,1,28241053
2018,28216670,1,28241063
2018,28215876,1,28240269
2018,28215919,1,28240312
2018,28216129,1,28240519
2018,28216254,1,28240646
2018,28216250,1,28240643
2018,28216322,1,28240714
2018,28216356,1,28240748
2018,28216544,1,28240938
2018,28216597,1,28240991
2018,28215885,1,28240275
2018,28216168,3,28240558
2018,28216167,3,28240557
2018,28216166,3,28240556
2018,28216165,3,28240555
2018,28216161,3,28240550
2018,28216310,7,28240699
2018,28216569,1,28240963
2018,28216636,1,28241027
2018,28391012,1,28415639
2018,28391082,1,28415708
2018,28391200,1,28415827
2018,28391426,1,28416052
2018,28391432,1,28416058
2018,28391479,6,28416106
2018,28391675,1,28416303
2018,28215886,1,28240276
2018,28216628,1,28241021
2018,28390915,1,28415543
2018,28391042,1,28415669
2018,28391058,1,28415684
2018,28391114,1,28415741
2018,28391115,1,28415742
2018,28391418,1,28416044
2018,28391436,1,28416063
2018,28391472,1,28416099
2018,28391652,1,28416280
2018,28391650,1,28416277
2018,28391651,1,28416278
2018,28391665,1,28416294
2018,28391677,1,28416305
2018,28391670,1,28416300
2018,28391673,1,28416301
2018,28391761,1,28416390
2018,28216075,1,28240465
2018,28216103,1,28240493
2018,28216120,1,28240510
2018,28216122,1,28240512
2018,28216222,1,28240611
2018,28216218,7,28240609
2018,28216235,1,28240626
2018,28216336,1,28240726
2018,28216337,1,28240730
2018,28216373,1,28240766
2018,28216510,7,28240903
2018,28216522,1,28240916
2018,28216533,1,28240927
2018,28216546,1,28240940
2018,28216577,1,28240971
2018,28216701,1,28241094
2018,28216731,1,28241124
2018,28216736,1,28241129
2018,28390913,1,28415540
2018,28390935,1,28415562
2018,28391064,1,28415693
2018,28390925,1,28415552
2018,28390928,1,28415555
2018,28391039,1,28415666
2018,28391040,1,28415668
2018,28391047,1,28415674
2018,28391095,1,28415722
2018,28391102,1,28415729
2018,28391107,1,28415734
2018,28391111,1,28415736
2018,28391120,1,28415747
2018,28391127,1,28415755
2018,28391129,1,28415756
2018,28391155,1,28415782
2018,28391163,1,28415790
2018,28391487,1,28416114
2018,28391489,1,28416116
2018,28391514,1,28416140
2018,28391535,1,28416162
2018,28004027,1,28028126
2018,28391083,1,28415710
2018,28391395,1,28416022
2018,28391405,1,28416032
2018,28391406,1,28416034
2018,28391428,1,28416054
2018,28391442,1,28416069
2018,28391471,1,28416097
2018,28391478,1,28416105
2018,28391517,1,28416144
2018,28391536,1,28416163
2018,28004404,1,28028502
2018,28004409,1,28028507
2018,28004410,1,28028508
2018,28004425,3,28028523
2018,28004430,1,28028528
2018,28004422,3,28028520
2018,28004429,3,28028527
2018,28004419,1,28028517
2018,28004416,1,28028516
2018,28004428,3,28028526
2018,28004427,1,28028525
2018,28004015,1,28028113
2018,28004052,1,28028150
2018,28004406,1,28028504
2018,28004024,1,28028122
2018,28004025,1,28028123
2018,28004067,1,28028165
2018,34247687,1,34223079
2018,34247688,1,34223080
2018,28390951,1,28415578
2018,28391037,1,28415664
2018,28391180,1,28415808
2018,28391390,1,28416017
2018,28391415,1,28416042
2018,28391420,1,28416047
2018,28391423,1,28416050
2018,28391433,1,28416060
2018,28391520,1,28416147
2018,28391578,3,28416202
2018,28391604,1,28416231
2018,28391621,1,28416249
2018,28391625,1,28416252
2018,28391646,1,28416274
2018,28391799,1,28416428
2018,28215887,1,28240277
2018,28216088,1,28240477
2018,28216338,1,28240729
2018,28216372,1,28240765
2018,28216565,1,28240960
2018,28216575,1,28240969
2018,28216658,1,28241051
2018,28216696,1,28241091
2018,28216724,1,28241117
2018,28216722,1,28241115
2018,28215899,1,28240290
2018,28215918,1,28240311
2018,28215954,1,28240345
2018,28216209,1,28240600
2018,28216227,1,28240618
2018,28216271,1,28240662
2018,28216268,1,28240659
2018,28216279,1,28240670
2018,28216318,1,28240709
2018,28216375,1,28240768
2018,28216381,1,28240774
2018,28216396,1,28240789
2018,28216399,1,28240792
2018,28216525,1,28240919
2018,28216608,1,28240913
2018,28216629,1,28241022
2018,28216654,1,28241047
2018,28216702,1,28241095
2018,28216704,1,28241096
2018,28216695,1,28241087
2018,28216717,1,28241110
2018,28390955,1,28415582
2018,28390962,1,28415589
2018,28390963,1,28415590
2018,28391797,1,28416425
2018,28215888,1,28240278
2018,28215889,6,28240280
2018,28215874,1,28240261
2018,28215900,1,28240291
2018,28215956,2,28240347
2018,28216234,1,28240625
2018,28216232,1,28240623
2018,28216368,1,28240761
2018,28216496,1,28240888
2018,28216540,1,28240934
2018,28216572,1,28240965
2018,28216591,1,28240985
2018,28216623,1,28241017
2018,28216688,1,28241081
2018,28216697,1,28241090
2018,28216130,1,28240520
2018,28216127,1,28240517
2018,28216370,1,28240763
2018,28216371,1,28240764
2018,28216384,1,28240777
2018,28216517,7,28240910
2018,28216543,1,28240937
2018,28216690,1,28241085
2018,28216719,1,28241112
2018,28215936,1,28240328
2018,28216183,1,28240574
2018,28216197,1,28240589
2018,28216196,1,28240587
2018,28216202,1,28240592
2018,28216369,1,28240762
2018,28216691,1,28241082
2018,28216729,1,28241122
2018,28004043,1,28028141
2018,28004044,1,28028142
2018,28004953,1,28029053
2018,28004026,1,28028124
2018,28004041,1,28028139
2018,28004393,1,28028491
2018,28004394,1,28028492
2018,28004022,1,28028120
2018,28004033,1,28028131
2018,28004040,1,28028138
2018,28004068,1,28028167
2018,28391103,1,28415730
2018,28391384,1,28416011
2018,28391403,1,28416029
2018,28004028,1,28028125
2018,28004948,1,28029047
2018,28004395,1,28028493
2018,28004021,1,28028119
2018,28004016,1,28028114
2018,28004048,1,28028146
2018,28004956,1,28029056
2018,28390947,1,28415574
2018,28390988,1,28415615
2018,28390996,1,28415624
2018,28391104,1,28415731
2018,28391138,1,28415766
2018,28391192,1,28415819
2018,28391449,1,28416076
2018,28391541,1,28416168
2018,28391643,1,28416270
2018,28390944,7,28415570
2018,28391043,1,28415670
2018,28391112,1,28415737
2018,28391190,1,28415817
2018,28391213,1,28415840
2018,28391399,1,28416026
2018,28216123,1,28240513
2018,28216300,1,28240691
2018,28216564,1,28240958
2018,28216625,1,28241018
2018,28216637,1,28241030
2018,28216725,1,28241118
2018,28216126,1,28240516
2018,28216215,1,28240606
2018,28216436,1,28240829
2018,28215931,1,28240323
2018,28216066,1,28240456
2018,28216098,1,28240488
2018,28216269,1,28240660
2018,28216382,1,28240775
2018,28216400,1,28240793
2018,28216505,1,28240898
2018,28216624,1,28241016
2018,28216714,1,28241107
2018,28390929,1,28415556
2018,28390952,1,28415579
2018,28390954,1,28415581
2018,28391008,1,28415635
2018,28391054,1,28415681
2018,28391057,1,28415686
2018,28391167,1,28415794
2018,28391179,1,28415806
2018,28391193,1,28415822
2018,28391201,1,28415828
2018,28391202,1,28415830
2018,28391410,1,28416038
2018,28391435,1,28416062
2018,28391453,1,28416080
2018,28391476,1,28416102
2018,28391515,1,28416142
2018,28391540,1,28416166
2018,28391608,1,28416235
2018,28391775,1,28416403
2018,28391781,1,28416409
2018,28216210,1,28240601
2018,28216308,1,28240700
2018,30515514,1,30521939
2018,29420034,6,29453873
2018,29420037,1,29453875
2018,29429065,1,29457751
2018,29420157,1,29453995
2018,29420169,1,29454010
2018,30515553,1,30527052
2018,30520788,1,30527055
2018,30520789,1,30527056
2018,30511351,1,30517572
2018,30511357,1,30527061
2018,30511362,1,30527064
2018,30515567,1,30521992
2018,30511365,1,30527067
2018,30515572,1,30527070
2018,30511383,1,30522005
2018,30520813,1,30517599
2018,30515582,1,30522008
2018,30515588,1,30527085
2018,30511390,1,30517608
2018,30511395,1,30527089
2018,30511397,1,30517614
2018,30515590,1,30517610
2018,30511405,1,30517621
2018,30520821,1,30517617
2018,30511403,1,30517620
2018,30511409,1,30517624
2018,30520826,1,30527091
2018,30515606,1,30517631
2018,30515608,1,30522032
2018,30520830,1,30522033
2018,30515614,1,30527095
2018,30520836,1,30527099
2018,30520837,1,30527100
2018,30511418,1,30527105
2018,30515626,1,30517643
2018,30520848,1,30527112
2018,30511436,1,30527123
2018,30515639,1,30527127
2018,30520867,1,30522062
2018,30511441,1,30517664
2018,30515643,1,30522063
2018,30515645,1,30522066
2018,30520872,1,30527136
2018,30511445,1,30517671
2018,30511448,1,30517673
2018,30515654,7,30517675
2018,30511453,7,30527144
2018,30520879,1,30517678
2018,30515657,1,30527147
2018,30515658,1,30527148
2018,30520883,1,30517682
2018,30515479,1,30521900
2018,30520003,1,30516821
2018,30510608,1,30521271
2018,30510629,7,30516845
2018,30520036,1,30516854
2018,30514877,1,30526314
2018,30520116,1,30526386
2018,30514930,1,30526387
2018,30520119,1,30516912
2018,30510727,1,30521384
2018,30514989,1,30526466
2018,30510761,1,30516975
2018,30515011,1,30526517
2018,30520277,1,30526547
2018,30515034,1,30521464
2018,30520296,1,30517040
2018,30520307,1,30526571
2018,30515055,1,30526572
2018,30520693,1,30517427
2018,30515453,1,30526980
2018,30511249,1,30517469
2018,30520737,1,30527002
2018,30511367,1,30527068
2018,30511376,1,30517592
2018,30515596,1,30522024
2018,30515619,1,30522041
2018,30520840,1,30522042
2018,30511427,1,30517649
2018,30520857,1,30522059
2018,30520864,1,30517663
2018,30511444,1,30517669
2018,30515647,1,30517668
2018,29765789,1,29782234
2018,29761788,1,29787498
2018,29771846,1,29792301
2018,29771863,1,29792319
2018,29765857,1,29786360
2018,29771876,1,29786369
2018,29767160,1,29787615
2018,29767167,1,29787620
2018,29771892,1,29787631
2018,29765907,1,29792369
2018,29767218,1,29787676
2018,29767270,1,29787721
2018,29767322,1,29787771
2018,29772009,1,29792484
2018,29766023,1,29786523
2018,29767413,1,29787858
2018,29767435,1,29792517
2018,29772049,1,29792518
2018,29767449,1,29787899
2018,30519914,1,30526175
2018,30510521,7,30521191
2018,30510532,1,30526205
2018,30510534,1,30521202
2018,30510562,1,30521228
2018,30510564,1,30516792
2018,30519971,1,30516798
2018,30510567,1,30526239
2018,30510569,1,30516801
2018,30519975,1,30526242
2018,30519974,1,30526241
2018,30514827,1,30521233
2018,30514833,1,30526254
2018,30514838,1,30521245
2018,30514843,1,30521250
2018,30520002,1,30526277
2018,30514856,1,30516822
2018,30511262,1,30517483
2018,30510636,1,30516855
2018,30514875,1,30521289
2018,30510640,1,30521290
2018,30520044,1,30521297
2018,30520056,1,30526324
2018,30514886,1,30521302
2018,30520068,1,30521314
2018,30514898,1,30521315
2018,30514905,1,30526349
2018,30510697,1,30521350
2018,30520129,1,30526395
2018,30520143,1,30526408
2018,30510713,1,30521373
2018,30520172,1,30521385
2018,30520187,1,30516953
2018,30510752,1,30521410
2018,30520208,1,30526470
2018,30520214,1,30516978
2018,30520224,1,30526483
2018,30510772,1,30521428
2018,30510775,1,30516988
2018,30510792,1,30526511
2018,30515021,1,30526528
2018,30520267,1,30526534
2018,30520268,1,30526535
2018,30515037,1,30526548
2018,30510819,1,30517026
2018,30515041,1,30526550
2018,30520287,1,30526553
2018,30520293,1,30526558
2018,30520294,1,30526559
2018,30515048,1,30526562
2018,30510833,1,30521480
2018,30515050,1,30526568
2018,30520325,1,30526582
2018,30520360,1,30526608
2018,30520394,1,30526644
2018,30520402,1,30521571
2018,30515144,1,30521579
2018,30520424,2,30526682
2018,30520424,5,30526683
2018,30520756,1,30527021
2018,30515217,1,30521656
2018,30520480,1,30526721
2018,30515252,1,30517238
2018,30520596,1,30526847
2018,30515321,1,30521761
2018,30520623,1,30526875
2018,30511137,1,30517357
2018,30520666,1,30526930
2018,30520679,1,30526940
2018,30520678,1,30517408
2018,30520683,1,30521840
2018,30511201,1,30517416
2018,30520695,1,30517431
2018,30515421,1,30526953
2018,30520698,1,30526958
2018,30515427,1,30526962
2018,30515426,1,30526960
2018,30511221,1,30526961
2018,30515454,1,30521879
2018,30520716,1,30526981
2018,30520715,1,30521881
2018,30515456,7,30521882
2018,30515455,1,30517458
2018,30511240,8,30517457
2018,30520714,7,30517456
2018,30520725,1,30526990
2018,30511247,1,30517466
2018,30520730,1,30526996
2018,30511254,1,30527000
2018,30511253,1,30517474
2018,30520734,1,30517487
2018,30511264,1,30517485
2018,30515481,1,30527004
2018,30520742,1,30527008
2018,30515485,1,30521908
2018,30520748,1,30517494
2018,30511279,1,30517496
2018,30515493,1,30521919
2018,30511292,1,30521924
2018,30511296,1,30517516
2018,30515511,1,30521933
2018,30520764,1,30521940
2018,30520783,1,30527049
2018,30515551,1,30521977
2018,30515558,1,30517567
2018,30511348,7,30521984
2018,30511353,1,30517573
2018,30520796,1,30527059
2018,30511358,1,30517578
2018,30520797,1,30517576
2018,30511359,1,30527063
2018,30511356,1,30517577
2018,30511354,1,30527060
2018,30520803,1,30521997
2018,30511372,1,30517588
2018,30515574,1,30521998
2018,30520806,1,30517593
2018,30511379,1,30517595
2018,30511382,1,30522004
2018,29767036,1,29787484
2018,29765797,1,29786301
2018,29761793,1,29782248
2018,29767059,1,29782252
2018,29771819,1,29792277
2018,29765818,1,29786324
2018,29767119,1,29787568
2018,29767129,1,29786362
2018,29765858,1,29787581
2018,29767145,1,29787598
2018,29767173,1,29786385
2018,29767178,1,29792355
2018,29765904,1,29787648
2018,29767203,1,29786400
2018,29767204,1,29787656
2018,29765921,1,29787677
2018,29767222,1,29787682
2018,29765927,1,29787688
2018,29767231,1,29787693
2018,29765936,1,29787706
2018,29767254,1,29786428
2018,29767269,1,29792412
2018,29771952,1,29792416
2018,29767310,1,29787753
2018,29767311,1,29787754
2018,29771978,1,29792443
2018,29767348,1,29787790
2018,29767350,1,29787792
2018,30042059,1,30052328
2018,30042079,1,30062564
2018,30037041,1,30057508
2018,30031848,1,30057519
2018,30042118,1,30062600
2018,30042125,1,30062608
2018,30042128,1,30052387
2018,30042138,1,30062622
2018,30042150,1,30062633
2018,30042158,1,30067577
2018,30047154,1,30062676
2018,30031983,1,30062735
2018,30042266,1,30062748
2018,30047251,1,30067744
2018,30047266,1,30067758
2018,30515585,1,30522009
2018,30511388,1,30522010
2018,30515592,1,30517613
2018,30511393,1,30517611
2018,30511399,1,30522014
2018,30515607,1,30517632
2018,30511412,1,30522035
2018,30520831,1,30522036
2018,30515616,1,30522038
2018,30520834,1,30522039
2018,30511415,1,30527102
2018,30520843,1,30522044
2018,30515636,1,30522057
2018,30511431,1,30517655
2018,30520853,1,30527118
2018,30520863,1,30522060
2018,30515644,1,30522064
2018,30520868,1,30522065
2018,30520869,1,30527134
2018,30515649,1,30527137
2018,30515652,1,30527141
2018,30511455,3,30522076
2018,30511458,1,30517684
2018,30511460,1,30527150
2018,30042061,1,30062544
2018,30042064,1,30052332
2018,30031936,1,30052448
2018,30042235,1,30062715
2018,30047211,1,30067699
2018,30031968,1,30052476
2018,30042265,1,30062747
2018,30047272,1,30052501
2018,30032002,1,30067764
2018,30047270,1,30062759
2018,30032012,1,30052509
2018,30510851,1,30521505
2018,30515068,1,30517063
2018,30515069,1,30526585
2018,30520631,1,30517349
2018,30515349,1,30526891
2018,30515365,1,30517366
2018,30037012,1,30057478
2018,30042066,1,30057482
2018,30037014,1,30057481
2018,30042071,1,30062557
2018,30031819,1,30062560
2018,30037016,1,30057484
2018,30042082,1,30057487
2018,30031824,1,30052348
2018,30031828,1,30062568
2018,30031838,1,30057499
2018,30037043,1,30062590
2018,30037042,1,30057509
2018,30042114,1,30062596
2018,30031860,1,30057528
2018,30037061,1,30057529
2018,30037068,1,30057534
2018,30037070,1,30057536
2018,30037072,1,30057538
2018,30031872,1,30057549
2018,30047087,1,30057552
2018,30031874,1,30057555
2018,30047103,1,30067580
2018,30047108,1,30062644
2018,30047113,1,30067587
2018,30042170,1,30062652
2018,30047125,1,30067598
2018,30031912,1,30067615
2018,30047139,1,30067617
2018,30042187,1,30067619
2018,30042198,1,30067635
2018,30031927,1,30052443
2018,30042207,1,30067653
2018,30042211,1,30062689
2018,30031938,1,30052449
2018,30031939,1,30062692
2018,30042215,1,30052450
2018,30031943,1,30052454
2018,30042221,1,30062698
2018,30047183,1,30067673
2018,30047186,1,30062704
2018,30042227,3,30062707
2018,30047194,1,30052461
2018,30031965,1,30052473
2018,30031964,1,30052472
2018,30031969,1,30067701
2018,30031972,1,30067702
2018,30031971,1,30052477
2018,30031970,1,30062723
2018,30047217,1,30062725
2018,30042245,1,30067707
2018,30031975,1,30067708
2018,30047220,1,30067711
2018,30047230,1,30052482
2018,30031982,1,30067727
2018,30047237,1,30052484
2018,30031984,2,30067730
2018,30042258,1,30062740
2018,30047240,1,30062741
2018,30047253,1,30067746
2018,30037005,1,30062545
2018,30042077,1,30052344
2018,30037019,1,30057488
2018,30042085,1,30062566
2018,30042090,1,30062576
2018,30042101,1,30052363
2018,30042105,1,30057507
2018,30037047,1,30057512
2018,30037065,1,30062611
2018,30031867,1,30052393
2018,30047144,1,30067623
2018,30047185,1,30067675
2018,30042233,1,30062711
2018,30031958,1,30052465
2018,30031960,1,30052467
2018,30042241,1,30062720
2018,30042240,1,30067695
2018,30031973,1,30067703
2018,30031993,1,30052492
2018,34243082,1,34227044
2018,34243081,3,34227043
2018,34243086,1,34227048
2018,34243087,1,34227049
2018,34243090,1,34227052
2018,34243091,1,34227053
2018,34243112,1,34227074
2018,34243115,1,34227077
2018,27742249,1,27766031
2018,27742383,1,27766165
2018,27741335,1,27765113
2018,27741582,1,27765361
2018,27741487,1,27765267
2018,27741516,1,27765294
2018,27741579,1,27765359
2018,27741621,1,27765400
2018,27742500,1,27766282
2018,27741625,1,27765402
2018,27741622,1,27765401
2018,27741814,1,27765594
2018,27741832,1,27765611
2018,27741336,1,27765114
2018,27741708,1,27765485
2018,27741815,1,27765595
2018,27742237,1,27766018
2018,27742291,1,27766072
2018,27741296,1,27765071
2018,27741488,3,27765268
2018,27741486,1,27765265
2018,27741490,3,27765270
2018,27741620,3,27765399
2018,27741735,1,27765514
2018,27741475,1,27765253
2018,27741502,1,27765280
2018,27741509,1,27765287
2018,27741517,1,27765295
2018,27741698,1,27765476
2018,27741718,1,27765497
2018,27741728,1,27765507
2018,30511194,1,30517406
2018,30515407,1,30521843
2018,30511204,1,30521845
2018,30515413,1,30517423
2018,30511215,1,30517433
2018,30511217,1,30517434
2018,30511218,1,30517435
2018,30511222,1,30517438
2018,30511234,1,30526978
2018,30515446,1,30521870
2018,30511235,1,30517452
2018,30511246,1,30517464
2018,30515463,1,30526993
2018,30515470,1,30521890
2018,30515478,1,30521899
2018,30515483,1,30527006
2018,30511271,1,30527010
2018,30520749,1,30527014
2018,30515496,3,30527017
2018,30511298,1,30517517
2018,30515515,1,30521941
2018,30515543,1,30521972
2018,30515561,1,30517570
2018,30515559,1,30517568
2018,30520805,1,30517591
2018,30511377,1,30522000
2018,30520807,1,30527076
2018,30520808,1,30527077
2018,30520814,1,30527082
2018,30515584,1,30517602
2018,30520819,1,30517616
2018,30520824,1,30522020
2018,30515594,1,30522021
2018,30515595,1,30522023
2018,30511408,1,30522025
2018,30515600,1,30517629
2018,30520832,1,30517636
2018,30520835,1,30527097
2018,30511417,1,30517640
2018,30511420,1,30522047
2018,30515623,1,30517642
2018,30515629,1,30517650
2018,30520852,1,30527116
2018,27741505,7,27765283
2018,27741596,1,27765374
2018,27741632,1,27765412
2018,27741836,1,27765616
2018,27742257,1,27766040
2018,27742328,1,27766109
2018,27742451,1,27766233
2018,27743309,1,27767090
2018,30511300,1,30521930
2018,30520790,1,30521982
2018,30515564,1,30517574
2018,30520850,1,30517651
2018,30511452,1,30527142
2018,27741514,1,27765292
2018,27741634,1,27765413
2018,27742272,1,27766056
2018,27742329,1,27766110
2018,27742327,1,27766108
2018,27742485,1,27766266
2018,27742488,1,27766269
2018,28003266,1,28027363
2018,28003271,1,28027368
2018,28003289,1,28027385
2018,28003288,1,28027386
2018,28003328,1,28027428
2018,28003338,1,28027436
2018,28003356,1,28027453
2018,28003407,1,28027505
2018,28003432,1,28027530
2018,28003450,1,28027549
2018,28003458,1,28027556
2018,28003464,1,28027562
2018,28003467,1,28027565
2018,28003469,1,28027567
2018,28003506,1,28027604
2018,28003516,1,28027615
2018,28003559,1,28027657
2018,28003567,1,28027665
2018,28003573,1,28027669
2018,28003578,1,28027675
2018,28003588,1,28027687
2018,28003590,1,28027688
2018,28003589,1,28027686
2018,28003586,1,28027684
2018,28003601,1,28027698
2018,28003599,1,28027697
2018,28003600,1,28027699
2018,28003604,1,28027702
2018,28003297,1,28027394
2018,28003318,1,28027415
2018,28003315,1,28027410
2018,28003327,1,28027424
2018,28003326,1,28027423
2018,28003342,1,28027439
2018,28003344,1,28027441
2018,28003355,1,28027452
2018,28003502,1,28027598
2018,28003517,1,28027614
2018,28003520,8,28027618
2018,28003522,1,28027621
2018,28003564,1,28027662
2018,28003575,1,28027673
2018,28003587,1,28027685
2018,28003615,1,28027713
2018,28003612,1,28027710
2018,28003622,1,28027721
2018,28003631,1,28027725
2018,28003632,1,28027730
2018,28003636,1,28027734
2018,28003629,1,28027728
2018,28003645,1,28027743
2018,28003750,1,28027848
2018,28003752,1,28027850
2018,28003753,1,28027851
2018,30515343,7,30517346
2018,30511135,1,30521784
2018,30511139,1,30517358
2018,30515354,1,30521786
2018,30520648,1,30526907
2018,30515369,1,30526909
2018,30520651,1,30526910
2018,30511155,1,30526911
2018,30515371,1,30521799
2018,30511156,1,30521800
2018,30511159,1,30526913
2018,30515379,1,30526914
2018,30520654,1,30521810
2018,30520669,1,30526931
2018,30515394,1,30521825
2018,30511185,1,30517401
2018,30520684,1,30517412
2018,30511212,2,30517432
2018,30511233,7,30517450
2018,30520712,1,30526979
2018,30511237,1,30517453
2018,30511238,1,30517454
2018,30515457,1,30521883
2018,30515458,1,30521885
2018,30515460,1,30521886
2018,30511243,1,30526988
2018,30515465,1,30521889
2018,30511263,1,30521896
2018,30511266,1,30521901
2018,30520741,1,30527007
2018,30520743,1,30517489
2018,30511278,1,30527013
2018,30511280,1,30517498
2018,30515492,1,30521918
2018,30520752,1,30517500
2018,30520755,1,30521923
2018,30520757,1,30527022
2018,30511295,1,30517515
2018,30511301,1,30517520
2018,27741283,1,27765062
2018,27741305,1,27765083
2018,27741512,1,27765290
2018,27741703,1,27765482
2018,27741711,1,27765490
2018,27741812,1,27765592
2018,27741822,1,27765603
2018,27741820,1,27765600
2018,27742382,1,27766164
2018,35785782,1,35881110
2018,35329621,1,35605292
2018,35329622,1,35605293
2018,35499509,1,35667398
2018,35543918,1,35681952
2018,35284591,1,35575010
2018,35479509,1,35667387
2018,35479508,1,35667386
2018,35479510,8,35667388
2018,35309435,1,35605090
2018,35672734,1,35768108
2018,35672733,1,35768107
2018,35142425,1,35457857
2018,35655842,1,35761284
2018,35232944,1,35529961
2018,35275555,1,35579935
2018,35275554,1,35579934
2018,35142580,1,35458012
2018,35168640,1,35479092
2018,35220816,1,35516280
2018,35142556,1,35457988
2018,35232523,1,35523002
2018,35232945,1,35529962
2018,35579661,1,35705087
2018,35688046,1,35778414
2018,35688047,7,35778415
2018,35689222,1,35779593
2018,35689083,1,35779451
2018,35689044,7,35779412
2018,35689045,1,35779413
2018,35689082,1,35779450
2018,35689084,1,35779452
2018,30788581,1,30794845
2018,30788580,1,30798178
2018,30788582,1,30794846
2018,30795888,1,30802223
2018,30795889,1,30802224
2018,30788609,1,30798201
2018,30791685,1,30798204
2018,30795932,1,30802272
2018,29424810,1,29453864
2018,29420026,1,29453865
2018,29420040,1,29453876
2018,29420064,1,29453897
2018,29429088,1,29457773
2018,29420073,1,29453906
2018,29420095,1,29453926
2018,29424823,1,29453928
2018,29429102,1,29453932
2018,29429108,1,29457792
2018,29420118,1,29453952
2018,29424858,1,29448806
2018,29424877,1,29448819
2018,29429178,1,29454021
2018,29429179,1,29454022
2018,29424901,1,29448846
2018,29424926,1,29448873
2018,29429220,7,29457901
2018,29429069,1,29448760
2018,29420051,1,29453884
2018,29429073,1,29448764
2018,29420057,1,29453891
2018,29420068,1,29453902
2018,29420109,1,29453942
2018,29420108,1,29453941
2018,29429109,1,29453944
2018,29429115,1,29453949
2018,29429122,1,29453956
2018,29429131,1,29457815
2018,29420128,1,29453963
2018,29420129,1,29453964
2018,29420133,1,29457820
2018,29420137,1,29453973
2018,29420146,1,29448781
2018,29424835,1,29453980
2018,29424846,1,29448791
2018,29420170,1,29448815
2018,29424880,1,29448822
2018,29424892,1,29454028
2018,29424906,1,29457869
2018,29429208,7,29448867
2018,29424933,1,29448881
2018,29424942,1,29448887
2018,29424949,1,29448895
2018,29765785,1,29787479
2018,29761775,1,29786294
2018,29765806,1,29786314
2018,29767055,1,29787502
2018,29765810,1,29786318
2018,29761802,1,29792260
2018,29771815,1,29792275
2018,29771816,1,29792276
2018,29767076,1,29786323
2018,29771835,1,29792290
2018,29771836,1,29792292
2018,29771844,1,29792299
2018,29771883,3,29787617
2018,29767164,1,29792342
2018,29771884,1,29792344
2018,29767168,1,29787621
2018,29771885,1,29787622
2018,29765891,1,29792353
2018,29767185,1,29787639
2018,29767195,1,29787647
2018,29771901,1,29786399
2018,29771904,1,29792370
2018,29767211,1,29787665
2018,29767233,1,29787694
2018,29771924,1,29792388
2018,29767240,1,29786421
2018,29767256,1,29787708
2018,29767264,1,29787717
2018,29767284,1,29787728
2018,29765951,1,29786451
2018,29765955,1,29786455
2018,29765958,1,29786461
2018,29765963,1,29786466
2018,29767312,1,29787758
2018,29771975,1,29792439
2018,29765969,1,29787760
2018,29765974,1,29792441
2018,29771979,1,29792444
2018,29771981,1,29792448
2018,29767331,1,29792455
2018,29771989,1,29792459
2018,29771995,1,29787782
2018,29772000,1,29792467
2018,29767366,1,29787806
2018,29767378,1,29786498
2018,29765999,1,29786497
2018,29766003,1,29787822
2018,29767391,1,29787834
2018,29772024,1,29792495
2018,29772027,1,29786519
2018,29767411,1,29792501
2018,29772039,1,29792507
2018,29767429,1,29787877
2018,29767433,1,29787882
2018,29767437,1,29787885
2018,29767478,1,29792541
2018,29424808,1,29448744
2018,29424818,1,29448762
2018,29420084,1,29453915
2018,29420112,1,29457797
2018,29420119,1,29457804
2018,29424824,1,29453959
2018,29429123,1,29453958
2018,29420124,1,29457806
2018,29429136,1,29453968
2018,29420152,1,29453986
2018,29429152,1,29453987
2018,29429163,1,29457838
2018,29420165,1,29454007
2018,29429199,1,29457873
2018,29765783,1,29782222
2018,29767042,1,29787489
2018,29761782,1,29787496
2018,29767054,1,29786313
2018,29767060,1,29787508
2018,29761799,1,29782255
2018,29767075,1,29787521
2018,29765828,1,29786334
2018,29767115,1,29786355
2018,29767116,1,29787565
2018,29767131,1,29787582
2018,29765865,1,29786366
2018,29767148,1,29786372
2018,29765876,1,29792336
2018,29765881,1,29786377
2018,29429075,1,29453889
2018,29420074,1,29453907
2018,29420098,1,29457787
2018,29429100,1,29453930
2018,29420102,1,29453934
2018,29429104,1,29453936
2018,29429113,1,29453946
2018,29429119,1,29457802
2018,29420121,1,29453955
2018,29424935,1,29457887
2018,29429214,1,29457893
2018,29424820,7,29453895
2018,29420072,1,29457770
2018,29429093,1,29453918
2018,29420110,1,29457794
2018,29429174,1,29454017
2018,29429177,1,29448826
2018,29420188,1,29454030
2018,29429203,1,29457877
2018,29429222,1,29454071
2018,29420233,1,29454070
2018,29767030,1,29787482
2018,29761777,1,29786296
2018,29767044,1,29782237
2018,29767046,1,29787493
2018,29765799,1,29782245
2018,29767052,1,29786307
2018,29761794,1,29786312
2018,29767058,7,29787504
2018,29767058,8,29782251
2018,29765808,1,29786316
2018,29761804,1,29792262
2018,29761807,1,29792265
2018,29771817,1,29787522
2018,29765820,1,29787524
2018,29771821,1,29792279
2018,29771822,1,29792280
2018,29767082,1,29787532
2018,29767085,1,29786329
2018,29765824,1,29787536
2018,29771840,1,29786342
2018,29771843,1,29792298
2018,29765848,1,29787560
2018,29767111,3,29792307
2018,29767113,1,29787564
2018,29767114,1,29792309
2018,29771862,1,29792318
2018,29771865,1,29786361
2018,29767136,1,29787589
2018,29771872,1,29787594
2018,29771875,1,29787601
2018,29771878,1,29787602
2018,29765870,1,29792333
2018,29765871,1,29792334
2018,29765875,1,29786375
2018,29767156,1,29792340
2018,29767159,1,29787614
2018,29767166,1,29786382
2018,29767171,1,29787626
2018,29771893,1,29792354
2018,29765893,1,29787632
2018,29765899,1,29786395
2018,29765905,1,29792364
2018,29771900,1,29792366
2018,29771905,1,29792372
2018,29765910,1,29786403
2018,29767210,1,29787664
2018,29765919,1,29792376
2018,29765924,1,29787681
2018,29771921,1,29786411
2018,29767230,1,29787692
2018,29767229,1,29787691
2018,29767235,1,29787695
2018,29767242,1,29787698
2018,29771935,1,29792402
2018,29771940,1,29787710
2018,29765940,1,29786434
2018,29771946,1,29792411
2018,29771949,1,29786440
2018,29771954,1,29792420
2018,29767025,3,29787474
2018,29767027,1,29782224
2018,29767028,1,29787476
2018,29767029,1,29787477
2018,29761769,1,29782228
2018,29765790,1,29786289
2018,29767032,1,29782230
2018,29767033,1,29787483
2018,29765802,1,29786308
2018,29767057,1,29786315
2018,29767061,1,29787509
2018,29765813,6,29792266
2018,29771810,1,29792270
2018,29767071,1,29792269
2018,29771820,1,29787525
2018,29767088,7,29787537
2018,29767099,1,29787546
2018,29771841,1,29787547
2018,29765838,1,29786345
2018,29765852,1,29787571
2018,29765862,1,29787586
2018,29767132,1,29787587
2018,29771869,1,29786365
2018,29765867,1,29787593
2018,29765873,7,29792335
2018,29767194,1,29787646
2018,29771903,1,29792368
2018,29765908,1,29786401
2018,29771909,1,29787669
2018,29765917,1,29787670
2018,29771911,1,29787674
2018,29771918,1,29792383
2018,29771917,1,29787686
2018,29765930,1,29786417
2018,29767234,1,29792387
2018,29771930,1,29792395
2018,29765931,1,29792394
2018,29767236,1,29787696
2018,29765933,1,29786420
2018,29767262,1,29787713
2018,29771955,1,29786444
2018,29767280,1,29787727
2018,29767283,1,29792422
2018,29767293,1,29787736
2018,29767295,1,29787740
2018,29771966,1,29787739
2018,29771968,1,29787742
2018,29767301,1,29787743
2018,29767304,1,29787746
2018,29767303,1,29787745
2018,29767306,1,29787748
2018,29771970,1,29786463
2018,29765959,1,29786462
2018,29765965,1,29786468
2018,29765967,1,29787756
2018,29767313,1,29787759
2018,29767320,1,29787770
2018,29429044,1,29457730
2018,29429064,1,29457750
2018,29420048,1,29453881
2018,29420144,1,29457830
2018,29424838,1,29448786
2018,29424836,1,29448784
2018,29424840,1,29448787
2018,29424841,1,29448788
2018,29424849,1,29453992
2018,29420160,1,29448804
2018,29424869,1,29457844
2018,29429168,1,29457846
2018,29429171,1,29457849
2018,29429172,1,29448821
2018,29429176,1,29457854
2018,29424885,1,29448829
2018,29429192,1,29457866
2018,29429195,1,29448852
2018,29424905,1,29454034
2018,29429198,1,29448856
2018,29429204,1,29457878
2018,29429205,1,29454046
2018,29420208,1,29448871
2018,29420211,1,29454053
2018,29429210,1,29457883
2018,29420221,1,29454059
2018,29429216,1,29448896
2018,29424956,1,29457900
2018,34380516,1,34399946
2018,34380515,1,34399945
2018,34380517,1,34399947
2018,28515399,1,28540202
2018,28515406,1,28540209
2018,28513660,1,28538461
2018,28513670,1,28538472
2018,28513668,1,28538470
2018,28513682,1,28538483
2018,28513690,1,28538491
2018,28514053,1,28538857
2018,28514050,1,28538853
2018,28514214,1,28539018
2018,28514250,1,28539055
2018,28514248,1,28539051
2018,28514382,1,28539184
2018,28514414,1,28539217
2018,28514449,1,28539252
2018,28515223,1,28540026
2018,28515239,1,28540042
2018,28515331,1,28540133
2018,28515354,1,28540157
2018,28515387,1,28540190
2018,28513838,7,28538639
2018,28513882,1,28538683
2018,28513883,1,28538684
2018,28513903,1,28538704
2018,28513994,1,28538797
2018,28514031,1,28538833
2018,28514196,1,28538999
2018,28514236,1,28539040
2018,28514274,1,28539077
2018,28514488,1,28539291
2018,28514794,1,28539598
2018,28515249,1,28540052
2018,28515320,1,28540123
2018,28515407,1,28540210
2018,28515433,1,28540236
2018,28515452,1,28540255
2018,28515459,1,28540262
2018,34139511,1,34114937
2018,34139512,1,34114938
2018,28513494,1,28538295
2018,28513641,1,28538442
2018,28513643,1,28538446
2018,28513789,1,28538590
2018,28513791,1,28538592
2018,28513925,3,28538727
2018,28513944,1,28538745
2018,28514071,1,28538874
2018,28514215,1,28539017
2018,28514261,1,28539065
2018,28514303,1,28539106
2018,28514394,1,28539197
2018,28514427,1,28539232
2018,28514480,1,28539283
2018,28514744,1,28539547
2018,28514772,1,28539575
2018,28514784,1,28539587
2018,28514838,1,28539641
2018,28514879,1,28539677
2018,28514925,1,28539729
2018,28514954,1,28539757
2018,28514953,1,28539756
2018,28515213,1,28540016
2018,28515372,1,28540174
2018,28515392,22,28540195
2018,28515425,1,28540228
2018,28515458,1,28540261
2018,28513560,1,28538360
2018,28513713,1,28538514
2018,28513786,1,28538583
2018,28513937,1,28538740
2018,28513968,1,28538766
2018,28514005,1,28538808
2018,28514038,1,28538840
2018,28514046,7,28538848
2018,28514046,8,28538849
2018,28514078,1,28538881
2018,28514185,1,28538988
2018,28514213,1,28539016
2018,28514298,1,28539101
2018,28514343,1,28539146
2018,28514392,1,28539196
2018,28514590,1,28539393
2018,28514638,1,28539442
2018,28514766,1,28539568
2018,28514924,1,28539727
2018,28514920,1,28539723
2018,28515293,1,28540096
2018,28515304,1,28540107
2018,28515423,1,28540226
2018,28513529,1,28538327
2018,28513634,1,28538434
2018,28513662,1,28538463
2018,28513703,1,28538504
2018,28514220,1,28539023
2018,28514232,1,28539035
2018,28514456,1,28539259
2018,28514467,1,28539270
2018,28514463,1,28539266
2018,28514583,1,28539386
2018,28514623,1,28539426
2018,28514734,1,28539538
2018,28514902,1,28539705
2018,28514940,1,28539743
2018,28515032,1,28539835
2018,28515033,1,28539836
2018,28515078,1,28539881
2018,28515072,1,28539875
2018,28515075,1,28539879
2018,28515305,1,28540108
2018,28513749,1,28538550
2018,28513760,1,28538561
2018,28513811,1,28538610
2018,28513833,1,28538634
2018,28513848,1,28538649
2018,28514208,1,28539011
2018,28514309,1,28539112
2018,28514415,1,28539218
2018,28514430,1,28539233
2018,28514444,1,28539247
2018,28514482,1,28539286
2018,28514626,1,28539429
2018,28514754,1,28539557
2018,28514922,1,28539726
2018,28514934,1,28539738
2018,28515224,1,28540027
2018,28515284,1,28540086
2018,28515287,1,28540090
2018,28515322,8,28540125
2018,28515422,1,28540225
2018,28513455,1,28538255
2018,28513561,1,28538361
2018,28513813,1,28538614
2018,28513812,1,28538613
2018,28513826,1,28538627
2018,28514036,1,28538838
2018,28514187,1,28538990
2018,28514283,1,28539086
2018,28514280,1,28539082
2018,28514301,1,28539103
2018,28514313,1,28539116
2018,28514421,1,28539224
2018,28514434,1,28539237
2018,28514527,1,28539330
2018,28514632,1,28539436
2018,28515005,1,28539808
2018,28515043,1,28539846
2018,28515064,1,28539868
2018,28515400,7,28540204
2018,28515419,1,28540222
2018,28513708,1,28538509
2018,28513993,1,28538795
2018,28514023,1,28538825
2018,28514311,1,28539114
2018,28514443,1,28539246
2018,28514513,1,28539315
2018,28514712,1,28539512
2018,28514852,1,28539655
2018,28514862,1,28539664
2018,28514980,1,28539782
2018,28515227,1,28540029
2018,28513636,1,28538435
2018,28513717,1,28538519
2018,28513837,1,28538637
2018,28513906,1,28538707
2018,28514059,1,28538863
2018,28514057,1,28538860
2018,28514072,1,28538875
2018,28514073,1,28538876
2018,28514314,1,28539117
2018,28514495,1,28539298
2018,28514569,1,28539372
2018,28514801,1,28539604
2018,28514813,1,28539616
2018,28514857,1,28539660
2018,28514948,1,28539751
2018,28515063,1,28539866
2018,28515166,1,28539969
2018,28515165,1,28539968
2018,28515246,1,28540049
2018,28513463,1,28538263
2018,28515408,1,28540211
2018,28515443,1,28540246
2018,28513793,1,28538594
2018,28513823,1,28538624
2018,28513881,1,28538682
2018,28514060,1,28538862
2018,28514160,1,28538965
2018,28514341,1,28539144
2018,28514481,1,28539284
2018,28514873,1,28539676
2018,28514964,1,28539763
2018,28515010,1,28539813
2018,28515045,1,28539847
2018,28515068,1,28539870
2018,28515315,1,28540119
2018,28515333,1,28540136
2018,28515353,1,28540156
2018,28515394,1,28540197
2018,28513646,1,28538444
2018,28513687,1,28538488
2018,28513734,1,28538535
2018,28513886,1,28538687
2018,28513893,1,28538694
2018,28513908,1,28538711
2018,28513957,1,28538758
2018,28513956,1,28538756
2018,28514019,1,28538822
2018,28514022,1,28538824
2018,28514021,1,28538823
2018,28514034,1,28538836
2018,28514169,1,28538972
2018,28514228,1,28539031
2018,28514386,1,28539190
2018,28514526,1,28539329
2018,28514555,1,28539358
2018,28514588,1,28539391
2018,28514665,1,28539468
2018,28514848,1,28539651
2018,28515175,1,28539978
2018,28515202,1,28540005
2018,28515244,1,28540048
2018,28515309,1,28540112
2018,28515344,1,28540148
2018,28515397,4,28540200
2018,28515429,1,28540232
2018,28515462,1,28540265
2018,28513454,1,28538254
2018,28513489,1,28538289
2018,28513730,1,28538531
2018,28513820,1,28538621
2018,28513909,1,28538709
2018,28513954,1,28538754
2018,28514012,1,28538814
2018,28514166,1,28538970
2018,28514195,1,28538997
2018,28514206,1,28539009
2018,28514296,1,28539099
2018,28514422,1,28539225
2018,28514454,1,28539257
2018,28514491,1,28539292
2018,28514761,1,28539563
2018,28515319,1,28540122
2018,28513492,1,28538293
2018,28513543,1,28538343
2018,28513701,1,28538502
2018,28513742,1,28538543
2018,28513830,1,28538631
2018,28513836,1,28538638
2018,28513892,1,28538693
2018,28513901,1,28538702
2018,28514158,1,28538961
2018,28514229,1,28539033
2018,28514237,1,28539039
2018,28514286,1,28539090
2018,28514307,1,28539110
2018,28514390,1,28539193
2018,33819806,1,33809962
2018,33819821,1,33809979
2018,28514506,1,28539309
2018,28514530,1,28539333
2018,28514540,1,28539342
2018,28514572,1,28539375
2018,28514573,1,28539376
2018,28514806,1,28539609
2018,28514807,1,28539610
2018,28514808,1,28539611
2018,28514858,1,28539661
2018,28514891,1,28539694
2018,28514908,1,28539711
2018,28514941,1,28539744
2018,28514969,1,28539773
2018,33819823,1,33809982
2018,28515003,1,28539806
2018,28515039,1,28539842
2018,28515164,1,28539967
2018,33810981,1,33808648
2018,28515199,1,28540001
2018,28515232,1,28540035
2018,28515313,1,28540116
2018,28515361,1,28540164
2018,28515359,1,28540163
2018,28515403,1,28540206
2018,28515460,1,28540263
2018,33819824,1,33808649
2018,33807974,1,33804206
2018,33819837,1,33809992
2018,33807984,1,33808696
2018,33807989,1,33810015
2018,33811069,1,33810070
2018,28513465,1,28538265
2018,28513466,1,28538266
2018,28513509,1,28538310
2018,28513546,1,28538347
2018,28513567,1,28538367
2018,28514003,1,28538805
2018,28514009,1,28538811
2018,28514066,1,28538869
2018,28514409,1,28539212
2018,28514407,1,28539210
2018,28514425,7,28539230
2018,28514655,1,28539458
2018,28514798,1,28539600
2018,28514881,1,28539684
2018,28514900,1,28539703
2018,28515163,1,28539966
2018,28515278,1,28540081
2018,28515318,1,28540121
2018,28513461,1,28538261
2018,28513576,1,28538376
2018,28513594,1,28538394
2018,28513649,1,28538450
2018,28513669,1,28538468
2018,28513707,1,28538508
2018,28513795,8,28538596
2018,28513841,1,28538643
2018,28513845,1,28538646
2018,28513878,1,28538680
2018,28513876,1,28538677
2018,28513940,1,28538741
2018,28513985,1,28538787
2018,28514033,1,28538835
2018,28514041,1,28538842
2018,28514052,1,28538855
2018,28514067,1,28538870
2018,28514193,1,28538996
2018,28514226,7,28539029
2018,28514242,1,28539045
2018,28514342,1,28539145
2018,28514395,1,28539198
2018,28514510,1,28539313
2018,28514532,1,28539336
2018,28514613,1,28539417
2018,28514653,1,28539456
2018,28514710,1,28539515
2018,28514972,1,28539775
2018,28515038,1,28539841
2018,28515160,1,28539963
2018,28515248,1,28540051
2018,28515350,1,28540153
2018,28515348,1,28540151
2018,28513532,1,28538333
2018,28513538,1,28538339
2018,28513537,1,28538338
2018,28514412,1,28539215
2018,28514445,1,28539248
2018,28514523,1,28539327
2018,28514587,1,28539390
2018,28514812,1,28539615
2018,28514874,1,28539681
2018,28514909,1,28539712
2018,28515028,1,28539831
2018,28515311,1,28540115
2018,28515330,1,28540134
2018,28515375,1,28540178
2018,28515376,1,28540179
2018,28513493,1,28538294
2018,28513491,1,28538292
2018,28513580,1,28538380
2018,28513600,1,28538400
2018,28513695,1,28538496
2018,28513784,21,28538587
2018,28513790,21,28538591
2018,28514035,1,28538837
2018,28514056,1,28538859
2018,28514080,1,28538883
2018,28514108,1,28538910
2018,28514100,1,28538903
2018,28514105,1,28538908
2018,28514204,1,28539007
2018,28514439,1,28539241
2018,28514719,1,28539522
2018,28514796,1,28539599
2018,28514868,1,28539671
2018,28515011,1,28539815
2018,28515047,1,28539850
2018,28515044,1,28539848
2018,28515251,1,28540054
2018,28515378,1,28540181
2018,28515413,1,28540216
2018,28513667,1,28538469
2018,28513671,1,28538471
2018,28513829,1,28538630
2018,28513978,1,28538780
2018,28514014,1,28538816
2018,28514026,1,28538828
2018,28514027,1,28538829
2018,28514201,1,28539005
2018,28514199,1,28539000
2018,28514225,1,28539028
2018,28514310,1,28539113
2018,28514557,1,28539360
2018,28514839,1,28539643
2018,28514973,1,28539776
2018,28515008,1,28539811
2018,28515283,1,28540087
2018,30795886,1,30802222
2018,30791667,1,30798187
2018,30788627,1,30794883
2018,30795923,1,30802261
2018,30791699,1,30794890
2018,30791710,1,30798235
2018,29420028,1,29457743
2018,29424814,1,29448751
2018,29420047,1,29453880
2018,29420066,1,29453898
2018,29420097,1,29453927
2018,29420105,1,29453938
2018,29424826,1,29453972
2018,29429140,1,29457824
2018,29429153,1,29453988
2018,29424861,1,29454001
2018,29424903,1,29457868
2018,29424912,1,29454040
2018,30791661,1,30798182
2018,29765804,7,29786310
2018,29765803,7,29782247
2018,29767083,1,29786328
2018,29765836,1,29792297
2018,29771842,1,29786347
2018,29767121,7,29792314
2018,29771867,1,29792322
2018,29771879,1,29792337
2018,29771881,1,29787611
2018,29767169,1,29786384
2018,29767180,1,29787634
2018,29771950,1,29786441
2018,29767294,1,29787737
2018,29767296,1,29787741
2018,29767305,1,29787747
2018,29771974,1,29786469
2018,29767316,1,29787764
2018,29765971,1,29792440
2018,29765975,1,29786472
2018,29771980,1,29792445
2018,29767334,1,29792458
2018,29767372,1,29786492
2018,29772015,1,29792485
2018,29767392,1,29787835
2018,29766028,1,29786525
2018,29766027,1,29787855
2018,29772034,1,29787859
2018,29767432,1,29787881
2018,29767434,1,29787883
2018,29767461,1,29787914
2018,30791670,1,30798190
2018,30791674,1,30798195
2018,30795893,1,30802228
2018,30788615,1,30798207
2018,30795918,1,30798220
2018,29767056,1,29782250
2018,29767063,1,29787511
2018,29761801,1,29792259
2018,29771827,1,29787530
2018,29767080,1,29787529
2018,29771839,1,29787544
2018,29771860,1,29792316
2018,29765859,1,29786363
2018,29765880,1,29787608
2018,29765892,1,29786388
2018,29765909,1,29792371
2018,29767225,1,29787685
2018,29767250,1,29787704
2018,29765938,1,29792406
2018,29767328,1,29792447
2018,29771986,1,29786475
2018,29767330,1,29792454
2018,29767335,1,29787778
2018,29767361,1,29792479
2018,29772008,1,29792483
2018,29765998,1,29786496
2018,29772010,1,29786500
2018,29772012,1,29787819
2018,29767402,1,29787840
2018,29766016,1,29786517
2018,29767426,1,29787873
2018,29772051,1,29792520
2018,29772055,1,29792523
2018,29420076,1,29453909
2018,29420078,1,29457774
2018,29429114,1,29457798
2018,29429117,1,29453951
2018,29420142,1,29448775
2018,29420161,1,29448805
2018,29429206,1,29448863
2018,29424922,1,29448869
2018,29424932,1,29448880
2018,29424931,1,29448879
2018,29424936,1,29457889
2018,29429054,1,29448749
2018,29429063,1,29457747
2018,29420045,1,29448757
2018,29420087,1,29453917
2018,29420088,1,29453919
2018,29429099,1,29457785
2018,29429112,1,29457796
2018,29420114,1,29453947
2018,29420116,1,29453950
2018,29420127,1,29457812
2018,29429126,1,29457809
2018,29429128,1,29453962
2018,29420135,1,29457821
2018,29420136,1,29453971
2018,29420214,1,29454055
2018,29429212,1,29448889
2018,29429042,1,29448741
2018,29420024,1,29457733
2018,29424815,1,29448752
2018,29424816,4,29457749
2018,29429066,1,29453878
2018,29429076,1,29457758
2018,29429081,1,29453901
2018,29420094,1,29453924
2018,29420122,1,29453957
2018,29420123,1,29453960
2018,29429149,1,29453981
2018,29424857,1,29454000
2018,29424876,1,29448818
2018,29420219,1,29457890
2018,28215914,1,28240306
2018,28215948,1,28240339
2018,28215961,1,28240352
2018,28216077,1,28240467
2018,28216074,1,28240464
2018,28216096,1,28240486
2018,28216108,1,28240498
2018,28216128,1,28240518
2018,28216175,1,28240563
2018,28216221,1,28240612
2018,28216225,1,28240616
2018,28216226,1,28240617
2018,28216245,1,28240636
2018,28216265,1,28240656
2018,28216276,1,28240667
2018,28216320,1,28240710
2018,28216376,1,28240770
2018,28216497,1,28240889
2018,28216560,1,28240954
2018,28216687,1,28241080
2018,28216730,1,28241123
2018,29420023,1,29457732
2018,29429050,1,29457740
2018,29424813,1,29448748
2018,29429062,1,29453872
2018,29420039,1,29448756
2018,29420055,1,29453888
2018,29429077,1,29457759
2018,29429084,1,29457768
2018,29420099,1,29457788
2018,29420104,1,29453937
2018,29429121,1,29453953
2018,29420141,1,29457828
2018,29420148,1,29448782
2018,29420151,1,29448783
2018,29424870,1,29457845
2018,29429167,1,29448813
2018,29420167,1,29454008
2018,29424873,1,29454011
2018,29424874,1,29448817
2018,29424878,1,29448820
2018,29420172,1,29454015
2018,29429175,1,29457853
2018,29420174,1,29448824
2018,29420175,1,29454018
2018,29424884,1,29448828
2018,29420179,1,29448831
2018,29429188,1,29457861
2018,29429189,1,29457862
2018,29424893,1,29448839
2018,29424894,1,29448842
2018,29424896,1,29448843
2018,29424910,1,29454038
2018,29420197,1,29457872
2018,29420203,1,29448860
2018,29424915,1,29448861
2018,29424924,1,29457881
2018,29424925,1,29448872
2018,29420216,1,29457886
2018,29420217,1,29457888
2018,29424943,1,29448888
2018,29420220,1,29454058
2018,29424944,1,29454061
2018,29420224,1,29454062
2018,29420230,1,29454067
2018,29420231,4,29454068
2018,29429221,1,29448901
2018,29424957,1,29448902
2018,28215952,1,28240343
2018,28216201,1,28240593
2018,28216262,1,28240653
2018,28216486,1,28240877
2018,28216551,1,28240945
2018,28216583,1,28240977
2018,28216735,1,28241128
2018,28004037,1,28028134
2018,28004069,1,28028168
2018,28004960,1,28029060
2018,28004031,1,28028129
2018,28004959,1,28029059
2018,28004414,1,28028512
2018,28004010,1,28028108
2018,28004951,1,28029050
2018,28004415,1,28028513
2018,28004884,1,28028981
2018,28390920,1,28415547
2018,28390921,1,28415548
2018,28390945,1,28415572
2018,28390949,1,28415576
2018,28390958,1,28415585
2018,28391007,1,28415634
2018,28391030,1,28415658
2018,28391028,1,28415655
2018,28391032,1,28415659
2018,28391063,1,28415691
2018,28391071,1,28415698
2018,28391086,1,28415713
2018,28391097,1,28415724
2018,28391101,1,28415728
2018,28391108,1,28415735
2018,28391110,1,28415738
2018,28391121,1,28415748
2018,28391124,1,28415751
2018,28391171,1,28415798
2018,28391177,1,28415805
2018,28391191,1,28415818
2018,28391189,1,28415816
2018,28391207,1,28415834
2018,28391216,1,28415842
2018,28391387,1,28416014
2018,28391393,1,28416020
2018,28391409,1,28416036
2018,28391416,1,28416043
2018,28391427,1,28416055
2018,28391445,1,28416072
2018,28391444,1,28416071
2018,28391450,1,28416077
2018,28391454,1,28416081
2018,28391473,1,28416100
2018,28391475,1,28416103
2018,28391521,1,28416148
2018,28391530,1,28416157
2018,28391537,1,28416164
2018,28391544,1,28416171
2018,28004398,1,28028495
2018,28004420,1,28028518
2018,28004417,1,28028514
2018,30520020,1,30516840
2018,30520026,1,30526302
2018,30514873,1,30521285
2018,30514874,1,30521287
2018,30520032,1,30516850
2018,30514881,1,30526315
2018,30520050,1,30526318
2018,30510645,1,30516866
2018,30520053,1,30526321
2018,30514887,1,30521303
2018,30510651,1,30516870
2018,30514892,1,30521309
2018,30514899,1,30526342
2018,30520077,1,30516882
2018,30514907,1,30521325
2018,30510669,1,30516884
2018,30510673,1,30516888
2018,30510672,1,30521330
2018,30520095,1,30526366
2018,30514918,1,30521337
2018,30510689,1,30516905
2018,28390938,1,28415565
2018,28390936,1,28415563
2018,28390940,1,28415567
2018,28390946,1,28415573
2018,30514923,1,30521344
2018,28390997,1,28415621
2018,30510691,1,30516908
2018,30510692,1,30526384
2018,28391027,1,28415654
2018,28391031,1,28415656
2018,30510694,1,30526388
2018,28391033,1,28415660
2018,28391038,1,28415665
2018,28391056,1,28415683
2018,28391055,1,28415682
2018,28391059,1,28415685
2018,28391073,1,28415700
2018,30520122,1,30521349
2018,28391068,1,28415695
2018,28391080,1,28415706
2018,30510699,1,30521352
2018,28391094,1,28415721
2018,28391119,1,28415746
2018,30520132,1,30526400
2018,28391122,1,28415749
2018,28391145,1,28415772
2018,30520134,1,30526402
2018,28391154,1,28415781
2018,30520139,1,30516922
2018,30510709,1,30526410
2018,28391206,1,28415832
2018,28391208,1,28415835
2018,28391218,1,28415846
2018,30520149,1,30526413
2018,30520150,1,30516925
2018,30514946,1,30521374
2018,30520161,1,30526426
2018,30510721,1,30516931
2018,28391382,1,28416010
2018,28391388,1,28416015
2018,28391385,1,28416012
2018,28391389,1,28416016
2018,30514950,1,30526428
2018,28391394,1,28416021
2018,28391398,1,28416025
2018,28391400,1,28416027
2018,28391411,1,28416037
2018,30520169,1,30516940
2018,28391424,1,28416051
2018,28391425,1,28416053
2018,30520167,1,30516937
2018,30520175,1,30521386
2018,30510728,1,30516943
2018,30514964,1,30521392
2018,30510734,1,30516949
2018,28391460,1,28416087
2018,28391464,1,28416091
2018,28391463,1,28416090
2018,30520180,1,30521396
2018,28391482,1,28416109
2018,30520182,1,30521399
2018,28216119,1,28240509
2018,28216115,1,28240505
2018,28216272,7,28240663
2018,28216364,1,28240757
2018,28216639,1,28241032
2018,28390934,1,28415561
2018,28390937,1,28415564
2018,28391060,1,28415687
2018,28391062,1,28415690
2018,28391066,1,28415692
2018,28391088,1,28415714
2018,28391100,1,28415727
2018,28391116,1,28415743
2018,28391113,1,28415740
2018,28391128,1,28415754
2018,28391188,1,28415815
2018,28391205,1,28415833
2018,28391215,1,28415843
2018,28391402,1,28416030
2018,28391401,1,28416028
2018,28391419,1,28416046
2018,28391421,1,28416048
2018,28391431,1,28416059
2018,28391468,1,28416095
2018,28391469,1,28416096
2018,28391467,1,28416094
2018,28391465,1,28416092
2018,28391486,1,28416113
2018,28391488,1,28416115
2018,28391513,1,28416141
2018,28391538,1,28416165
2018,28391557,1,28416184
2018,28391576,1,28416204
2018,28216163,1,28240553
2018,28216178,1,28240569
2018,28216493,1,28240886
2018,28216511,1,28240904
2018,28216589,1,28240983
2018,28216641,1,28241034
2018,28216728,1,28241121
2018,34247678,1,34223070
2018,28215879,1,28240271
2018,28215926,1,28240317
2018,28216118,1,28240508
2018,28216131,1,28240521
2018,28216174,1,28240561
2018,28216223,1,28240615
2018,28216230,1,28240621
2018,28216247,1,28240638
2018,28216267,1,28240658
2018,28216321,1,28240712
2018,28216328,1,28240716
2018,28216327,1,28240717
2018,28216363,1,28240755
2018,28216374,1,28240767
2018,28216388,1,28240781
2018,28216499,1,28240892
2018,28216542,7,28240936
2018,28216535,1,28240929
2018,28216537,1,28240931
2018,28216590,1,28240984
2018,28216706,1,28241099
2018,28216721,1,28241114
2018,28004047,1,28028145
2018,28004071,1,28028169
2018,28215955,1,28240346
2018,28216389,1,28240783
2018,28216512,1,28240905
2018,28216541,1,28240935
2018,28216598,1,28240992
2018,28216655,1,28241048
2018,28216708,1,28241101
2018,28004005,1,28028103
2018,28004054,1,28028152
2018,28004004,1,28028102
2018,28004405,1,28028503
2018,28004053,1,28028151
2018,28004397,8,28028496
2018,28004954,1,28029054
2018,28004957,1,28029057
2018,28004955,6,28029055
2018,28004955,7,28029052
2018,28004418,8,28028515
2018,28004055,1,28028153
2018,28390931,1,28415559
2018,28391013,1,28415640
2018,28391017,1,28415644
2018,28391022,1,28415650
2018,28391075,1,28415702
2018,28391474,1,28416101
2018,28391672,1,28416299
2018,28391795,1,28416423
2018,31582038,1,31603252
2018,31582060,1,31603275
2018,31582059,1,31612998
2018,31582079,1,31603297
2018,31573217,1,31609195
2018,31582179,1,31603388
2018,31573261,4,31609241
2018,31573453,1,31609427
2018,31582372,1,31613562
2018,31587385,1,31613594
2018,31587386,1,31613595
2018,31573479,1,31609462
2018,31582410,7,31603609
2018,31582462,1,31603668
2018,31573556,1,31609529
2018,31587566,1,31613769
2018,31573571,1,31603704
2018,31582497,1,31613802
2018,35312608,1,35603917
2018,31586770,1,31612954
2018,31586849,1,31613039
2018,31582097,1,31603317
2018,31582130,1,31609187
2018,31586944,1,31613145
2018,31582181,1,31609229
2018,31573265,1,31613257
2018,31573437,1,31609412
2018,31573439,1,31609414
2018,31582374,7,31609433
2018,31573460,1,31609434
2018,31587409,1,31613617
2018,31587408,1,31613616
2018,31587548,1,31613756
2018,31573559,1,31603699
2018,31587578,7,31613779
2018,31573569,1,31603703
2018,30788588,1,30794851
2018,30791664,1,30798184
2018,30788593,1,30794856
2018,31558805,1,31575055
2018,31553794,1,31580020
2018,31563762,1,31575065
2018,31558861,1,31575124
2018,31558875,1,31580114
2018,31553933,1,31575193
2018,31553950,1,31580164
2018,31563873,1,31585121
2018,31553990,1,31575234
2018,31563899,1,31585145
2018,31558968,1,31575239
2018,31554002,1,31580213
2018,31563904,1,31580214
2018,31563908,1,31585156
2018,31554076,1,31580288
2018,31559054,1,31575319
2018,31554125,1,31585261
2018,31564007,1,31580347
2018,31554131,1,31580345
2018,31559109,1,31575370
2018,30791708,1,30798233
2018,30795891,1,30798194
2018,31586677,1,31603186
2018,31573085,1,31603193
2018,31582002,1,31612906
2018,31582068,1,31603283
2018,31573187,1,31609167
2018,31582103,1,31603322
2018,31586888,1,31613083
2018,31587032,7,31613236
2018,31573284,1,31609266
2018,31582352,1,31603558
2018,31587354,7,31603583
2018,31582380,1,31609437
2018,31582390,1,31609448
2018,31573467,1,31609449
2018,31573477,1,31609460
2018,31573478,1,31609461
2018,31587433,1,31613639
2018,31587542,7,31613748
2018,31582469,22,31603675
2018,31582484,1,31603698
2018,31582492,1,31613795
2018,31553835,1,31580059
2018,31563791,1,31585043
2018,31563833,1,31585074
2018,31558892,1,31580133
2018,31563874,1,31575205
2018,31563876,1,31585123
2018,31553974,1,31580191
2018,31563897,1,31585144
2018,31563901,1,31575238
2018,31559038,1,31580290
2018,31559057,1,31575322
2018,31554105,1,31580315
2018,31554116,1,31580326
2018,31573153,1,31613010
2018,31582185,1,31603393
2018,31587316,1,31613525
2018,31587317,1,31613527
2018,31587343,1,31613550
2018,31582368,1,31613554
2018,31582370,1,31603580
2018,31582369,1,31603579
2018,31573469,1,31609450
2018,31587388,1,31613597
2018,31587402,1,31613611
2018,31587406,1,31603608
2018,31587410,1,31613618
2018,31587553,1,31609527
2018,31587558,1,31613765
2018,31573570,1,31609545
2018,31573573,8,31609549
2018,34254737,1,34228712
2018,34254738,1,34228713
2018,34254987,1,34228962
2018,31553784,1,31580006
2018,31553797,1,31580024
2018,31563760,3,31580023
2018,31553900,1,31580122
2018,31558912,1,31585094
2018,31558917,1,31585097
2018,31563861,1,31585098
2018,31559110,1,31580357
2018,31553800,1,31585017
2018,31553783,1,31580004
2018,31558821,1,31585029
2018,31563775,1,31580041
2018,31563777,1,31580047
2018,31558837,1,31585042
2018,31553866,1,31575115
2018,31563811,1,31580093
2018,31563813,1,31580097
2018,31553901,1,31575151
2018,31558908,1,31580143
2018,31563858,1,31585095
2018,31558797,1,31584999
2018,31553826,1,31580048
2018,31558833,1,31580057
2018,31558834,1,31580058
2018,31563849,1,31575181
2018,31563880,1,31580175
2018,31553962,1,31585129
2018,31558949,1,31580180
2018,31559009,1,31575279
2018,31563941,1,31575287
2018,31559023,1,31575294
2018,31563946,1,31580268
2018,31559077,1,31575342
2018,31559079,1,31580317
2018,31554127,1,31585262
2018,31564004,1,31580342
2018,31554142,1,31580360
2018,30788590,1,30794854
2018,30791672,1,30798192
2018,30791676,1,30798197
2018,30788601,1,30794863
2018,30791682,1,30798202
2018,30791684,1,30798203
2018,30791683,1,30794871
2018,30795915,1,30794879
2018,30788621,1,30794878
2018,30791692,1,30798217
2018,30788651,1,30794907
2018,30788655,1,30798236
2018,31581985,1,31603183
2018,31586678,1,31603187
2018,31586685,1,31612882
2018,31582000,1,31603211
2018,31573438,1,31609413
2018,31587342,7,31613549
2018,31582379,1,31609436
2018,31573470,1,31609451
2018,31587383,1,31613592
2018,31587569,1,31613771
2018,31587596,1,31603706
2018,31586771,1,31612955
2018,31573189,1,31613055
2018,31586924,1,31613123
2018,31582189,1,31603397
2018,31582376,7,31603584
2018,31573485,1,31609471
2018,31582427,1,31603626
2018,31587536,1,31609515
2018,31587572,1,31603696
2018,28391585,1,28416211
2018,28391645,1,28416271
2018,28391793,1,28416421
2018,28003276,1,28027373
2018,28003285,1,28027382
2018,28003329,2,28027426
2018,28003397,1,28027495
2018,28003433,1,28027531
2018,35730884,1,35824439
2018,35730885,1,35824440
2018,35730886,1,35824441
2018,35730883,1,35824438
2018,35730887,1,35824442
2018,35289508,1,35575123
2018,35284598,1,35575017
2018,35284599,1,35575018
2018,35718309,7,35821877
2018,35785600,1,35880928
2018,35785599,1,35880927
2018,35774557,1,35869984
2018,35785729,1,35881057
2018,35754508,1,35849934
2018,35284634,1,35575053
2018,35284635,1,35575054
2018,35284636,1,35575055
2018,35309434,1,35605089
2018,35504508,1,35667404
2018,35499508,1,35667397
2018,33811451,1,33809128
2018,33811537,1,33810566
2018,33820409,1,33810565
2018,33820410,1,33809221
2018,33811629,1,33809304
2018,33811627,1,33810660
2018,33808496,1,33804709
2018,33811713,1,33809394
2018,33811211,1,33810223
2018,33811328,1,33810344
2018,33811493,1,33810523
2018,33811543,1,33809224
2018,33808396,1,33804618
2018,33811760,1,33809442
2018,33810777,1,33808426
2018,33810776,1,33808425
2018,33810775,1,33804063
2018,33810779,1,33808428
2018,33820282,1,33809087
2018,33820494,1,33810662
2018,33811656,1,33810673
2018,33808504,8,33804719
2018,33808505,1,33804720
2018,34115470,1,34090924
2018,34115472,1,34090926
2018,34115473,1,34090927
2018,34115474,1,34090928
2018,34115475,1,34090929
2018,34115476,1,34090930
2018,34115477,1,34090931
2018,34115478,1,34090932
2018,34115480,1,34090934
2018,34115479,1,34090933
2018,34115507,1,34090961
2018,34115508,1,34090962
2018,34115518,1,34090972
2018,34115519,1,34090973
2018,34115520,1,34090974
2018,34115544,1,34090998
2018,34115545,1,34090999
2018,34115644,1,34091098
2018,34174549,1,34149975
2018,34174550,1,34149976
2018,30515273,1,30521714
2018,30515272,1,30517281
2018,30511061,7,30526801
2018,30520556,1,30526803
2018,30511064,1,30526806
2018,30511063,1,30526805
2018,30520557,1,30526804
2018,30511068,1,30526811
2018,30515281,1,30521721
2018,30520565,1,30526816
2018,30511069,1,30517287
2018,30515283,1,30521723
2018,30511070,1,30517289
2018,30515285,3,30521725
2018,30520570,1,30526820
2018,30511074,3,30521730
2018,30511077,1,30517290
2018,30511076,1,30526824
2018,30520573,1,30521733
2018,30520578,1,30526829
2018,30520577,1,30517293
2018,30511080,1,30517292
2018,30515294,1,30517291
2018,30520576,1,30521738
2018,30511079,1,30526827
2018,30511081,1,30517294
2018,30520579,1,30517296
2018,30511082,1,30517295
2018,30511083,1,30517297
2018,30520580,1,30526830
2018,30511084,1,30521739
2018,30520582,1,30517299
2018,30511085,1,30517300
2018,30511086,1,30526832
2018,30515296,7,30521740
2018,30520584,1,30526833
2018,30511090,1,30517304
2018,30511093,1,30517309
2018,30511092,1,30517308
2018,30515308,1,30521751
2018,30520598,1,30526849
2018,30520600,1,30526851
2018,30520607,1,30526862
2018,30515322,1,30521762
2018,30520608,1,30517325
2018,30520609,7,30526864
2018,30520610,1,30526865
2018,30511115,1,30526870
2018,30520617,1,30517329
2018,30515325,1,30517331
2018,30520619,1,30526872
2018,30515331,1,30517336
2018,30515332,1,30517337
2018,30520628,1,30521777
2018,30511128,1,30517347
2018,30515348,1,30526887
2018,30520633,1,30526885
2018,30520634,1,30526889
2018,30520640,3,30526895
2018,30515352,3,30517356
2018,30511140,1,30517359
2018,30515356,1,30521788
2018,30515358,1,30521791
2018,30515364,1,30526903
2018,30515367,1,30517369
2018,30515366,1,30517368
2018,30511152,1,30517372
2018,30511150,1,30517371
2018,30515370,1,30521798
2018,30515373,1,30517376
2018,30511157,1,30521801
2018,30515372,1,30526912
2018,30515374,1,30521802
2018,30515375,1,30521803
2018,30511160,1,30517377
2018,30515383,1,30521814
2018,30511163,1,30517380
2018,30515396,1,30517393
2018,30511187,1,30517402
2018,30511189,1,30521834
2018,30511186,1,30517403
2018,30511188,1,30521833
2018,30520686,1,30526944
2018,30515412,1,30521846
2018,30520692,1,30526948
2018,30515416,1,30517428
2018,30511213,1,30526950
2018,30515420,1,30526949
2018,30515424,1,30517436
2018,30511220,3,30517437
2018,30520700,1,30526963
2018,30515449,1,30521872
2018,30520710,1,30521873
2018,30515450,1,30517451
2018,30515452,1,30521878
2018,30511239,1,30517455
2018,30520724,1,30517462
2018,30511244,1,30517463
2018,30511245,1,30526991
2018,30511248,7,30517467
2018,30511248,6,30517465
2018,28216379,1,28240773
2018,28216434,7,28240827
2018,28216548,1,28240942
2018,28216553,1,28240947
2018,28216622,1,28241015
2018,28216068,1,28240459
2018,28216124,1,28240514
2018,28216240,1,28240631
2018,28216365,1,28240756
2018,28216508,7,28240901
2018,28216559,1,28240953
2018,28216689,1,28241083
2018,28215881,1,28240267
2018,28216206,1,28240598
2018,28216243,1,28240635
2018,28216357,3,28240747
2018,28216665,1,28241058
2018,28215911,1,28240304
2018,28215910,1,28240302
2018,28215963,1,28240354
2018,28215965,1,28240357
2018,28216071,1,28240462
2018,28216101,1,28240491
2018,28216180,7,28240571
2018,28216208,1,28240599
2018,28216494,1,28240887
2018,28216650,1,28241043
2018,28216734,1,28241127
2018,28390953,1,28415580
2018,28390994,1,28415622
2018,28391070,1,28415697
2018,28391069,1,28415696
2018,28391096,1,28415723
2018,28391099,1,28415726
2018,28391105,1,28415732
2018,28391157,1,28415784
2018,28391156,1,28415783
2018,28391194,1,28415821
2018,28391212,1,28415839
2018,28391211,1,28415838
2018,28391516,1,28416143
2018,28390939,1,28415566
2018,28391029,1,28415657
2018,28391052,1,28415679
2018,28391076,1,28415703
2018,34253285,1,34218892
2018,34920914,1,35296305
2018,35275556,1,35579936
2018,35275557,1,35579937
2018,34259715,1,34230121
2018,34167785,1,34143232
2018,34239467,1,34209842
2018,34238817,1,34209177
2018,34238818,1,34209178
2018,34239423,1,34209798
2018,34294376,1,34284979
2018,34247685,3,34223077
2018,34247684,3,34223076
2018,34247686,1,34223078
2018,34259762,1,34230168
2018,28003272,1,28027369
2018,28003273,1,28027371
2018,28003287,1,28027384
2018,28003298,1,28027395
2018,28003330,1,28027425
2018,28003337,1,28027435
2018,28003331,1,28027427
2018,28003353,1,28027451
2018,28003405,1,28027504
2018,28003437,1,28027535
2018,30511267,1,30521902
2018,30515490,1,30517497
2018,30520751,1,30527016
2018,30520754,1,30521922
2018,30511304,1,30521936
2018,30511401,1,30527090
2018,30515615,1,30527096
2018,30511426,1,30517647
2018,30515633,1,30522054
2018,30520856,1,30527122
2018,30515642,1,30527131
2018,30511442,1,30517666
2018,30520873,1,30527138
2018,30515661,1,30517688
2018,30520886,1,30527151
2018,28003279,1,28027376
2018,28003281,1,28027378
2018,28003290,1,28027387
2018,28003359,1,28027455
2018,28003402,1,28027500
2018,28003412,1,28027512
2018,28003438,1,28027536
2018,28003436,1,28027534
2018,28003435,1,28027533
2018,28003434,1,28027532
2018,28003448,1,28027547
2018,28003510,1,28027608
2018,28003574,8,28027672
2018,28003602,1,28027700
2018,28003608,1,28027705
2018,28003625,1,28027723
2018,28003634,1,28027732
2018,28003635,1,28027733
2018,28003640,1,28027738
2018,28003644,1,28027742
2018,27742256,1,27766037
2018,27742298,1,27766079
2018,27743308,1,27767089
2018,30520786,1,30527051
2018,30515554,1,30521980
2018,30511341,1,30517558
2018,30511345,1,30517563
2018,30511344,1,30517562
2018,30520791,1,30517564
2018,30511346,1,30517565
2018,30520793,1,30521985
2018,30511360,1,30517579
2018,30511361,1,30517580
2018,30511366,1,30517581
2018,30511370,1,30517584
2018,30511373,1,30517589
2018,30520810,1,30517597
2018,30511387,1,30517604
2018,30515587,1,30527084
2018,30520817,1,30527086
2018,30515593,1,30522016
2018,30511407,1,30517623
2018,30515597,1,30522022
2018,30520827,1,30517626
2018,30515599,1,30517628
2018,30520828,1,30522028
2018,30515604,1,30517630
2018,30515603,1,30522031
2018,30515602,1,30522030
2018,30515609,1,30522034
2018,30515612,1,30517635
2018,30515613,1,30527094
2018,30520833,1,30517637
2018,30511414,1,30527101
2018,30520838,1,30517638
2018,30520839,1,30527103
2018,30515618,1,30522040
2018,30511416,1,30522045
2018,30515622,1,30522046
2018,30511421,1,30527108
2018,30515627,1,30527109
2018,30511424,1,30522052
2018,30515628,1,30517646
2018,30520851,1,30517654
2018,30515635,1,30522056
2018,30520870,1,30517665
2018,30511449,1,30522072
2018,30520875,1,30527139
2018,30511450,1,30527140
2018,30520878,1,30517677
2018,30515659,1,30517685
2018,30511459,1,30527149
2018,27741299,1,27765077
2018,27741619,1,27765398
2018,27741636,1,27765415
2018,27742308,1,27766090
2018,27742458,1,27766234
2018,27741289,1,27765068
2018,27741293,1,27765074
2018,27741300,1,27765078
2018,27741479,1,27765256
2018,27741627,2,27765410
2018,27741729,1,27765508
2018,27741821,1,27765602
2018,27742454,1,27766235
2018,27742561,1,27766343
2018,27743084,1,27766865
2018,27741569,1,27765347
2018,27741737,1,27765516
2018,27741736,1,27765515
2018,27741811,1,27765591
2018,27741288,1,27765067
2018,27741498,1,27765276
2018,27741511,1,27765289
2018,27741518,1,27765297
2018,27741519,1,27765299
2018,27741704,1,27765483
2018,27741712,1,27765492
2018,27741734,1,27765513
2018,27741819,1,27765599
2018,27742269,1,27766049
2018,27742473,1,27766254
2018,27742506,1,27766287
2018,27742558,1,27766338
2018,27741493,1,27765272
2018,27742372,1,27766152
2018,27743079,1,27766862
2018,27741485,1,27765264
2018,27741497,1,27765275
2018,27741500,1,27765278
2018,27742296,1,27766078
2018,27742377,1,27766158
2018,27742459,1,27766243
2018,27742868,1,27766649
2018,27742244,1,27766025
2018,27741628,1,27765405
2018,27741707,1,27765487
2018,27741731,1,27765510
2018,27742259,1,27766038
2018,27742310,1,27766091
2018,27742297,1,27766080
2018,27742300,1,27766082
2018,27742293,1,27766075
2018,27741727,1,27765506
2018,27741806,1,27765586
2018,27742286,7,27766069
2018,27741297,1,27765075
2018,27741507,1,27765285
2018,27741580,1,27765358
2018,27742543,1,27766323
2018,27741482,1,27765259
2018,27741521,1,27765300
2018,27741570,1,27765349
2018,27741700,1,27765479
2018,27741808,1,27765588
2018,27742242,1,27766024
2018,27742255,1,27766036
2018,27741495,1,27765273
2018,27741501,1,27765279
2018,27741503,1,27765281
2018,27741710,1,27765491
2018,27741303,1,27765081
2018,27741732,1,27765512
2018,27742260,1,27766042
2018,27742498,1,27766279
2018,34380522,1,34399953
2018,30788611,1,30794870
2018,31586687,1,31612885
2018,31586690,1,31603195
2018,31573096,22,31609088
2018,31582022,1,31603229
2018,31586741,1,31609090
2018,31582027,1,31603235
2018,30791671,1,30798191
2018,30791675,1,30802229
2018,30788620,1,30802250
2018,30788637,1,30794892
2018,30788649,1,30794903
2018,31582034,1,31603244
2018,31582035,7,31603247
2018,31573117,1,31612962
2018,31586782,1,31603256
2018,31582062,1,31603278
2018,31586813,1,31603280
2018,31573146,1,31603285
2018,31582073,1,31613003
2018,31582074,1,31603286
2018,31586816,1,31603287
2018,31573149,1,31609137
2018,31586829,1,31613015
2018,30795899,1,30802239
2018,30791691,1,30798216
2018,30791690,1,30798215
2018,30788641,1,30802267
2018,34254656,1,34228631
2018,31563765,1,31585019
2018,31553804,1,31580029
2018,31553803,1,31580028
2018,31563764,1,31585018
2018,31553813,1,31585030
2018,31563773,1,31585032
2018,31553824,1,31585035
2018,31558836,1,31575090
2018,31553849,1,31580069
2018,31558936,1,31580171
2018,31553959,1,31580176
2018,31563885,1,31585132
2018,31554063,1,31585204
2018,31554083,1,31580295
2018,31563990,1,31580318
2018,31563989,1,31585248
2018,31554206,1,31580423
2018,31586688,1,31612886
2018,31586739,1,31603231
2018,31582025,1,31612933
2018,31586814,1,31613002
2018,31586892,1,31613088
2018,31586941,7,31613141
2018,31582134,1,31613142
2018,31586949,1,31613149
2018,31573256,1,31609236
2018,31587054,1,31613255
2018,31582351,1,31613526
2018,31582365,7,31603575
2018,31573535,1,31609514
2018,31587547,1,31609522
2018,31587557,1,31613764
2018,31573555,8,31609528
2018,31582480,1,31613768
2018,31587568,1,31609534
2018,31587580,1,31613781
2018,31582485,1,31609540
2018,31586821,1,31609143
2018,31582108,1,31613067
2018,31573200,1,31613093
2018,31586950,1,31603350
2018,31573224,1,31609201
2018,31587025,1,31613228
2018,31587049,1,31613252
2018,31587392,1,31613601
2018,31582396,1,31603597
2018,31573474,1,31603600
2018,31587432,1,31613638
2018,31573536,1,31613741
2018,31587551,1,31609526
2018,31582479,1,31613766
2018,31587575,1,31613775
2018,31587577,1,31613778
2018,31573082,1,31612877
2018,31573098,7,31609089
2018,31573144,1,31609130
2018,31582145,1,31603358
2018,31582180,1,31603389
2018,31573251,1,31609230
2018,31573257,1,31609237
2018,31573264,1,31609244
2018,31582188,4,31603398
2018,31587546,1,31613753
2018,31573545,1,31609523
2018,31587563,1,31613767
2018,31587573,1,31613774
2018,31563767,1,31585021
2018,31553840,1,31575095
2018,31553841,1,31580063
2018,31563796,1,31580073
2018,31563808,1,31585062
2018,31563812,1,31580095
2018,31558874,1,31585068
2018,31558900,1,31575178
2018,31553961,1,31580178
2018,31558946,1,31585128
2018,31553970,1,31580186
2018,31553983,1,31580199
2018,31553982,1,31575230
2018,31563934,1,31575281
2018,31563936,1,31575283
2018,31554060,1,31585201
2018,31554137,1,31580352
2018,30795898,1,30802238
2018,30791689,1,30798214
2018,30788640,1,30794894
2018,30795926,1,30798226
2018,30788644,1,30794898
2018,30788656,1,30802282
2018,30788586,1,30798181
2018,30788592,7,30794857
2018,30788595,1,30794858
2018,30788625,1,30798219
2018,30791693,1,30798218
2018,30791707,1,30794904
2018,27742246,1,27766027
2018,27742481,1,27766262
2018,28003291,1,28027389
2018,28003336,1,28027433
2018,28003449,1,28027548
2018,29420022,1,29453862
2018,29429045,1,29457731
2018,29424811,1,29457737
2018,29429057,1,29457744
2018,29429060,1,29453870
2018,29420131,1,29453966
2018,29420138,1,29457823
2018,29429139,1,29453974
2018,29424830,1,29448774
2018,29424829,1,29448773
2018,29420143,1,29453977
2018,29424833,1,29448778
2018,29429147,1,29453978
2018,29420147,1,29453982
2018,29429158,1,29448796
2018,29420155,1,29453993
2018,29424852,1,29448800
2018,29420163,1,29448810
2018,29429165,1,29448812
2018,29420166,1,29457842
2018,29424879,1,29454013
2018,29420173,1,29457851
2018,29424887,1,29448832
2018,29424886,1,29448830
2018,29429183,1,29457856
2018,29420181,1,29454023
2018,29420186,1,29454029
2018,29420189,1,29448841
2018,29420190,1,29454031
2018,29424898,1,29454033
2018,29424900,1,29448845
2018,29420205,1,29454047
2018,29424918,7,29448866
2018,29429207,1,29457879
2018,29429209,1,29448870
2018,29424920,3,29454049
2018,29424921,3,29448868
2018,29420207,3,29454050
2018,29420209,1,29454052
2018,29429211,1,29457884
2018,29424941,1,29448886
2018,29429215,1,29457894
2018,29424950,7,29457895
2018,28391619,1,28416246
2018,28391647,1,28416273
2018,28391760,1,28416388
2018,28391764,1,28416395
2018,28391763,1,28416391
2018,28391783,1,28416411
2018,28391785,1,28416413
2018,28391798,1,28416426
2018,28003341,1,28027437
2018,28003489,1,28027587
2018,28003503,1,28027601
2018,28003512,1,28027609
